time,open,high,low,close,tick_volume
2014-09-08 00:00:00,1266.87,1271.63,1266.13,1270.39,4099
2014-09-08 01:00:00,1270.76,1271.53,1265.91,1266.78,11656
2014-09-08 02:00:00,1266.52,1267.03,1251.29,1255.74,43591
2014-09-09 00:00:00,1256.82,1257.98,1253.87,1254.78,13721
2014-09-09 01:00:00,1255.3,1257.37,1253.01,1256.82,17052
2014-09-09 02:00:00,1256.47,1257.69,1247.38,1256.54,42872
2014-09-10 00:00:00,1254.52,1257.45,1253.48,1257.29,13037
2014-09-10 01:00:00,1257.01,1257.58,1251.88,1253.48,15628
2014-09-10 02:00:00,1253.65,1254.55,1243.62,1249.43,44223
2014-09-11 00:00:00,1249.09,1249.98,1247.13,1247.74,11561
2014-09-11 01:00:00,1248.62,1249.97,1243.95,1244.14,19221
2014-09-11 02:00:00,1246.24,1246.78,1234.8,1241.07,45165
2014-09-12 00:00:00,1240.23,1241.45,1232.05,1233.17,12444
2014-09-12 01:00:00,1234.07,1239.87,1232.68,1236.75,15563
2014-09-12 02:00:00,1237.21,1238.97,1225.7,1230.43,43373
2014-09-15 00:00:00,1228.94,1234.82,1225.43,1233.12,11508
2014-09-15 01:00:00,1233.6,1236.44,1231.8,1234.94,14129
2014-09-15 02:00:00,1234.82,1238.34,1231.45,1233.63,30575
2014-09-16 00:00:00,1232.49,1238.28,1231.82,1236.23,10844
2014-09-16 01:00:00,1236.57,1241.89,1234.67,1240.96,14353
2014-09-16 02:00:00,1238.53,1241.89,1231.6,1235.62,40463
2014-09-17 00:00:00,1234.07,1238.04,1233.87,1236.67,7929
2014-09-17 01:00:00,1236.57,1238.91,1234.55,1237.57,11604
2014-09-17 02:00:00,1236.26,1239.05,1221.26,1223.39,42135
2014-09-18 00:00:00,1221.77,1223.83,1215.89,1223.29,16438
2014-09-18 01:00:00,1222.96,1225.36,1221.97,1222.78,16635
2014-09-18 02:00:00,1223.01,1227.78,1215.58,1225.22,41852
2014-09-19 00:00:00,1225.5,1228.44,1218.04,1225.1,13457
2014-09-19 01:00:00,1227.99,1228.14,1218.62,1221.48,23266
2014-09-19 02:00:00,1222.64,1225.65,1213.64,1216.55,45033
2014-09-22 00:00:00,1215.83,1217.74,1207.82,1213.42,17911
2014-09-22 01:00:00,1213.08,1215.97,1210.48,1212.95,13238
2014-09-22 02:00:00,1214.4,1220.28,1211.8,1215.18,38631
2014-09-23 00:00:00,1214.86,1219.08,1213.42,1218.57,10544
2014-09-23 01:00:00,1218.07,1226.99,1215.38,1225.07,18938
2014-09-23 02:00:00,1225.22,1234.99,1219.76,1224.07,46003
2014-09-24 00:00:00,1222.42,1224.0,1220.16,1222.93,11688
2014-09-24 01:00:00,1223.23,1225.92,1221.13,1223.16,14285
2014-09-24 02:00:00,1224.51,1225.43,1215.52,1216.71,34785
2014-09-25 00:00:00,1216.67,1216.86,1212.35,1213.9,8689
2014-09-25 01:00:00,1214.57,1214.84,1206.77,1209.27,16709
2014-09-25 02:00:00,1210.12,1224.31,1207.89,1220.56,45642
2014-09-26 00:00:00,1220.8,1228.26,1220.13,1223.32,12626
2014-09-26 01:00:00,1223.67,1231.14,1221.6,1223.3,16125
2014-09-26 02:00:00,1222.66,1223.75,1212.13,1217.06,30992
2014-09-29 00:00:00,1217.89,1219.2,1215.64,1217.58,13112
2014-09-29 01:00:00,1218.27,1220.79,1215.09,1219.8,13327
2014-09-29 02:00:00,1218.83,1223.12,1214.75,1215.8,33675
2014-09-30 00:00:00,1214.89,1218.77,1214.42,1217.74,9033
2014-09-30 01:00:00,1217.73,1217.98,1208.48,1210.05,14327
2014-09-30 02:00:00,1209.84,1219.96,1204.31,1207.85,49152
2014-10-01 00:00:00,1208.21,1209.8,1204.46,1206.55,12923
2014-10-01 01:00:00,1206.17,1209.86,1205.3,1208.08,14214
2014-10-01 02:00:00,1209.24,1219.17,1207.74,1213.77,40780
2014-10-02 00:00:00,1213.09,1222.28,1212.02,1219.25,11474
2014-10-02 01:00:00,1219.78,1221.33,1210.2,1214.3,18663
2014-10-02 02:00:00,1212.99,1218.83,1208.48,1213.84,42652
2014-10-03 00:00:00,1213.53,1215.08,1210.82,1212.73,8095
2014-10-03 01:00:00,1212.68,1212.88,1205.1,1206.28,11781
2014-10-03 02:00:00,1207.41,1209.2,1189.86,1190.73,40146
2014-10-06 00:00:00,1187.27,1190.1,1182.77,1188.33,12584
2014-10-06 01:00:00,1188.31,1195.13,1187.42,1194.44,14580
2014-10-06 02:00:00,1193.54,1208.93,1193.35,1206.68,37175
2014-10-07 00:00:00,1206.28,1206.97,1202.81,1203.85,7530
2014-10-07 01:00:00,1204.64,1212.45,1203.15,1205.18,16753
2014-10-07 02:00:00,1205.8,1213.31,1203.4,1209.22,35831
2014-10-08 00:00:00,1209.04,1214.34,1208.99,1212.02,8271
2014-10-08 01:00:00,1212.22,1220.54,1210.9,1217.39,15251
2014-10-08 02:00:00,1218.26,1223.91,1204.79,1221.82,49023
2014-10-09 00:00:00,1219.81,1225.94,1218.62,1224.94,9254
2014-10-09 01:00:00,1225.12,1229.79,1223.78,1228.47,16794
2014-10-09 02:00:00,1227.58,1233.19,1221.91,1224.14,44414
2014-10-10 00:00:00,1223.82,1224.83,1220.56,1222.42,10493
2014-10-10 01:00:00,1222.16,1223.77,1217.2,1221.85,16189
2014-10-10 02:00:00,1221.65,1225.32,1218.83,1222.87,31439
2014-10-13 00:00:00,1227.15,1234.77,1225.97,1233.05,14168
2014-10-13 01:00:00,1232.43,1237.58,1226.28,1227.5,17086
2014-10-13 02:00:00,1228.05,1235.78,1224.9,1234.74,31806
2014-10-14 00:00:00,1235.97,1236.95,1233.31,1234.15,12531
2014-10-14 01:00:00,1233.76,1235.23,1232.01,1233.02,16564
2014-10-14 02:00:00,1233.3,1238.13,1230.81,1232.1,41566
2014-10-15 00:00:00,1232.34,1232.34,1223.66,1227.08,14672
2014-10-15 01:00:00,1227.61,1228.33,1221.7,1223.03,16367
2014-10-15 02:00:00,1222.61,1249.51,1222.11,1241.73,77770
2014-10-16 00:00:00,1239.82,1245.07,1237.18,1240.1,17093
2014-10-16 01:00:00,1240.56,1244.05,1237.7,1241.39,24312
2014-10-16 02:00:00,1242.43,1244.23,1235.28,1238.13,59924
2014-10-17 00:00:00,1238.1,1239.45,1236.42,1237.98,8649
2014-10-17 01:00:00,1238.64,1241.57,1236.08,1237.02,13520
2014-10-17 02:00:00,1237.41,1240.39,1231.53,1237.75,38734
2014-10-20 00:00:00,1237.21,1238.05,1234.54,1235.85,7448
2014-10-20 01:00:00,1235.64,1243.18,1235.44,1241.52,12145
2014-10-20 02:00:00,1240.58,1248.61,1240.26,1246.37,28120
2014-10-21 00:00:00,1246.72,1248.08,1245.22,1247.68,7017
2014-10-21 01:00:00,1247.13,1253.66,1246.54,1248.32,19972
2014-10-21 02:00:00,1248.63,1255.13,1246.38,1248.3,35323
2014-10-22 00:00:00,1248.82,1249.61,1246.98,1247.83,5952
2014-10-22 01:00:00,1248.18,1249.24,1244.75,1245.95,10016
2014-10-22 02:00:00,1245.8,1249.08,1240.3,1240.3,29432
2014-10-23 00:00:00,1241.5,1243.66,1241.04,1241.97,7545
2014-10-23 01:00:00,1241.85,1244.48,1237.39,1239.05,10951
2014-10-23 02:00:00,1238.67,1239.89,1226.14,1231.88,35021
2014-10-24 00:00:00,1232.01,1233.2,1228.82,1229.78,9189
2014-10-24 01:00:00,1229.9,1234.14,1229.61,1231.92,9978
2014-10-24 02:00:00,1232.12,1234.08,1228.54,1230.5,27208
2014-10-27 00:00:00,1228.38,1231.92,1227.34,1230.39,6907
2014-10-27 01:00:00,1230.64,1231.64,1228.36,1230.34,10255
2014-10-27 02:00:00,1230.35,1231.63,1224.47,1224.47,22128
2014-10-28 00:00:00,1226.17,1232.14,1222.38,1227.44,17936
2014-10-28 01:00:00,1227.57,1230.66,1226.9,1228.11,9869
2014-10-28 02:00:00,1228.33,1235.39,1226.28,1227.12,26266
2014-10-29 00:00:00,1228.17,1230.27,1228.04,1230.15,5346
2014-10-29 01:00:00,1229.81,1230.44,1226.92,1227.44,6610
2014-10-29 02:00:00,1227.92,1228.11,1208.2,1210.92,34803
2014-10-30 00:00:00,1210.76,1215.53,1210.74,1211.52,10484
2014-10-30 01:00:00,1212.63,1212.63,1201.29,1203.8,21464
2014-10-30 02:00:00,1205.21,1207.53,1195.78,1197.97,45506
2014-10-31 00:00:00,1200.1,1202.55,1191.44,1193.4,21933
2014-10-31 01:00:00,1194.9,1195.21,1169.4705975115596,1174.32,40009
2014-10-31 02:00:00,1174.21,1176.77,1161.42,1171.52,52596
2014-11-03 00:00:00,1167.31,1171.1,1161.49,1168.92,14510
2014-11-03 01:00:00,1168.96,1173.38,1167.59,1172.37,13826
2014-11-03 02:00:00,1171.44,1173.66,1165.05,1165.86,26712
2014-11-04 00:00:00,1165.19,1168.77,1163.75,1166.28,9918
2014-11-04 01:00:00,1166.85,1174.51,1164.02,1173.08,14068
2014-11-04 02:00:00,1170.53,1174.51,1165.69,1167.99,33471
2014-11-05 00:00:00,1168.75,1169.53,1161.9,1162.84,16796
2014-11-05 01:00:00,1163.37,1163.37,1143.17,1144.26,28965
2014-11-05 02:00:00,1145.6,1151.86,1137.58,1142.47,49910
2014-11-06 00:00:00,1142.05,1146.53,1137.96,1146.33,19853
2014-11-06 01:00:00,1144.68,1146.82,1142.65,1145.62,15849
2014-11-06 02:00:00,1144.64,1149.47,1141.12,1141.73,40043
2014-11-07 00:00:00,1140.6,1142.5,1131.44,1134.46,19592
2014-11-07 01:00:00,1133.11,1146.52,1131.59,1145.13,27905
2014-11-07 02:00:00,1145.28,1175.3195669347745,1142.87,1173.091818829365,59258
2014-11-10 00:00:00,1171.3227611353,1177.14,1165.5026484151215,1172.6,18362
2014-11-10 01:00:00,1172.94,1174.6,1169.71,1170.35,14301
2014-11-10 02:00:00,1172.1,1172.1,1147.18,1150.7,39476
2014-11-11 00:00:00,1151.19,1157.2,1145.95,1148.25,16323
2014-11-11 01:00:00,1147.7,1158.36,1145.95,1155.74,19328
2014-11-11 02:00:00,1151.14,1173.1,1151.11,1164.57,49864
2014-11-12 00:00:00,1164.04,1166.27,1160.3,1164.35,18813
2014-11-12 01:00:00,1164.26,1168.91,1162.46,1164.68,18377
2014-11-12 02:00:00,1163.21,1170.0,1157.15,1159.72,36616
2014-11-13 00:00:00,1161.68,1167.88,1156.41,1161.95,16240
2014-11-13 01:00:00,1164.02,1164.5,1153.79,1161.53,23816
2014-11-13 02:00:00,1162.76,1167.96,1157.17,1161.51,34877
2014-11-14 00:00:00,1162.36,1162.56,1156.32,1156.76,12539
2014-11-14 01:00:00,1159.37,1159.37,1149.54,1153.51,18741
2014-11-14 02:00:00,1154.21,1190.1252312983777,1146.72,1185.6700427023309,62126
2014-11-17 00:00:00,1181.766617119678,1194.06,1178.5377534987088,1190.22,29936
2014-11-17 01:00:00,1187.26,1192.66,1184.51,1190.58,25679
2014-11-17 02:00:00,1187.47,1192.66,1181.22,1186.91,37750
2014-11-18 00:00:00,1186.59,1187.69,1183.23,1187.31,8802
2014-11-18 01:00:00,1186.41,1204.52,1186.21,1202.17,22432
2014-11-18 02:00:00,1201.05,1203.02,1191.71,1196.76,39744
2014-11-19 00:00:00,1195.79,1195.9,1191.4,1193.95,16315
2014-11-19 01:00:00,1193.92,1202.08,1192.33,1200.28,17890
2014-11-19 02:00:00,1200.28,1202.01,1174.94,1183.02,70297
2014-11-20 00:00:00,1182.28,1184.63,1176.65,1178.69,25421
2014-11-20 01:00:00,1178.82,1196.96,1177.94,1193.52,30603
2014-11-20 02:00:00,1196.12,1196.94,1186.31,1193.63,39411
2014-11-21 00:00:00,1192.95,1194.83,1191.02,1193.64,17849
2014-11-21 01:00:00,1193.26,1200.95,1186.71,1194.33,23353
2014-11-21 02:00:00,1194.15,1207.63,1191.15,1199.84,47765
2014-11-24 00:00:00,1201.54,1204.08,1198.57,1199.46,13725
2014-11-24 01:00:00,1199.78,1203.54,1193.84,1195.55,16770
2014-11-24 02:00:00,1195.3,1200.27,1192.62,1196.94,27571
2014-11-25 00:00:00,1198.0,1200.59,1195.6,1197.05,16616
2014-11-25 01:00:00,1196.83,1202.82,1196.31,1200.8,18734
2014-11-25 02:00:00,1201.57,1202.82,1190.22,1200.53,37745
2014-11-26 00:00:00,1201.4,1201.53,1198.15,1198.71,7041
2014-11-26 01:00:00,1198.54,1200.82,1192.82,1196.21,13466
2014-11-26 02:00:00,1196.09,1199.93,1192.82,1198.24,26439
2014-11-27 00:00:00,1197.05,1199.47,1185.49,1190.05,15927
2014-11-27 01:00:00,1187.22,1198.65,1186.93,1195.95,18775
2014-11-27 02:00:00,1196.03,1197.55,1188.15,1190.62,16782
2014-11-28 00:00:00,1188.92,1190.64,1181.58,1183.57,14440
2014-11-28 01:00:00,1184.23,1188.36,1179.12,1182.83,16855
2014-11-28 02:00:00,1182.42,1189.17,1165.06,1165.88,40018
2014-12-01 00:00:00,1158.49,1161.9886545665931,1144.3681026503014,1151.16,39295
2014-12-01 01:00:00,1151.92,1184.05,1150.64,1173.94,35750
2014-12-01 02:00:00,1173.6,1216.7441461826636,1169.2,1207.5772125818307,66249
2014-12-02 00:00:00,1206.908300405168,1212.51,1199.3062248212022,1204.45,19662
2014-12-02 01:00:00,1204.0,1210.41,1192.3,1197.76,32773
2014-12-02 02:00:00,1200.36,1203.64,1191.85,1198.69,54214
2014-12-03 00:00:00,1197.07,1201.77,1194.22,1201.44,13142
2014-12-03 01:00:00,1199.15,1208.17,1199.11,1202.61,16264
2014-12-03 02:00:00,1204.01,1214.96,1199.41,1210.03,38352
2014-12-04 00:00:00,1208.55,1209.54,1204.48,1205.57,10012
2014-12-04 01:00:00,1206.19,1207.82,1201.17,1202.33,12869
2014-12-04 02:00:00,1202.8,1213.28,1201.17,1205.52,42736
2014-12-05 00:00:00,1204.78,1205.87,1201.59,1202.95,6273
2014-12-05 01:00:00,1202.67,1206.47,1201.59,1203.65,10241
2014-12-05 02:00:00,1203.7,1207.37,1186.15,1190.52,48192
2014-12-08 00:00:00,1187.34,1194.41,1186.96,1192.87,7861
2014-12-08 01:00:00,1192.83,1198.06,1191.77,1195.3,11767
2014-12-08 02:00:00,1195.01,1208.71,1191.12,1202.35,34144
2014-12-09 00:00:00,1203.03,1203.62,1199.26,1201.17,13233
2014-12-09 01:00:00,1201.17,1207.69,1199.92,1204.45,17104
2014-12-09 02:00:00,1205.44,1234.9802658348694,1204.01,1226.9640996697246,62977
2014-12-11 00:00:00,1226.11,1232.72,1226.07,1227.24,29623
2014-12-11 01:00:00,1228.42,1228.91,1217.76,1221.4,55923
2014-12-11 02:00:00,1221.48,1231.94,1215.88,1225.08,92380
2014-12-12 00:00:00,1227.21,1228.08,1217.4,1219.1,22447
2014-12-12 01:00:00,1221.14,1227.36,1217.4,1224.14,42750
2014-12-12 02:00:00,1225.33,1226.41,1214.29,1221.92,95863
2014-12-15 00:00:00,1221.51,1224.03,1212.89,1216.95,12018
2014-12-15 01:00:00,1216.59,1220.57,1209.54,1211.18,15571
2014-12-15 02:00:00,1210.58,1217.05,1190.46,1193.38,63722
2014-12-16 00:00:00,1193.08,1199.1,1192.87,1198.5,15497
2014-12-16 01:00:00,1198.14,1203.52,1194.53,1201.07,21139
2014-12-16 02:00:00,1198.66,1223.34,1187.34,1196.31,81833
2014-12-17 00:00:00,1195.53,1199.31,1195.48,1197.56,13611
2014-12-17 01:00:00,1196.91,1201.58,1194.31,1198.89,19966
2014-12-17 02:00:00,1197.42,1202.81,1183.4,1187.08,60739
2014-12-18 00:00:00,1188.8,1199.64,1188.66,1198.79,13357
2014-12-18 01:00:00,1197.5,1213.69,1196.75,1208.15,23108
2014-12-18 02:00:00,1208.51,1210.78,1192.44,1197.62,37885
2014-12-19 00:00:00,1197.88,1199.86,1195.45,1197.21,14471
2014-12-19 01:00:00,1196.75,1201.15,1193.77,1197.46,16932
2014-12-19 02:00:00,1197.3,1200.39,1193.39,1194.26,31518
2014-12-22 00:00:00,1194.02,1198.99,1193.89,1198.05,10713
2014-12-22 01:00:00,1197.73,1203.21,1195.23,1195.76,15707
2014-12-22 02:00:00,1196.73,1198.01,1170.48,1172.21,32730
2014-12-23 00:00:00,1176.58,1182.81,1172.9,1179.19,15609
2014-12-23 01:00:00,1180.02,1184.77,1177.76,1178.99,17755
2014-12-23 02:00:00,1179.6,1181.23,1172.47,1175.77,44114
2014-12-24 00:00:00,1176.54,1178.95,1176.01,1177.97,8173
2014-12-24 01:00:00,1178.72,1180.95,1176.21,1176.3,11092
2014-12-24 02:00:00,1176.74,1179.11,1172.71,1174.38,14458
2014-12-29 00:00:00,1196.12,1197.37,1192.32,1195.2,13394
2014-12-29 01:00:00,1195.11,1196.41,1192.16,1193.46,14258
2014-12-29 02:00:00,1192.85,1195.78,1178.82,1184.04,52717
2014-12-30 00:00:00,1182.69,1189.64,1180.63,1188.6,19890
2014-12-30 01:00:00,1187.39,1190.65,1186.12,1187.51,25567
2014-12-30 02:00:00,1187.14,1210.69,1182.42,1198.82,71170
2014-12-31 00:00:00,1199.84,1203.71,1199.15,1200.34,8606
2014-12-31 01:00:00,1201.45,1201.45,1196.45,1197.44,15177
2014-12-31 02:00:00,1198.64,1199.79,1182.63,1188.37,30827
2015-01-05 00:00:00,1187.73,1194.27,1178.0,1192.67,21136
2015-01-05 01:00:00,1191.61,1197.77,1188.46,1190.35,31089
2015-01-05 02:00:00,1189.67,1207.28,1186.74,1206.1,72552
2015-01-06 00:00:00,1202.87,1208.01,1201.52,1206.54,10910
2015-01-06 01:00:00,1206.56,1214.16,1205.18,1210.24,20523
2015-01-06 02:00:00,1210.81,1222.92,1205.35,1218.22,51928
2015-01-07 00:00:00,1217.66,1218.48,1212.99,1214.04,12399
2015-01-07 01:00:00,1215.05,1218.22,1211.94,1213.34,13852
2015-01-07 02:00:00,1213.14,1216.52,1208.85,1211.57,43394
2015-01-08 00:00:00,1210.97,1214.16,1204.68,1208.7,10684
2015-01-08 01:00:00,1207.08,1210.1,1205.19,1205.52,11604
2015-01-08 02:00:00,1206.15,1216.54,1204.42,1208.48,36399
2015-01-09 00:00:00,1207.5,1212.96,1206.84,1211.64,9892
2015-01-09 01:00:00,1211.33,1214.15,1209.29,1211.19,10144
2015-01-09 02:00:00,1212.05,1223.91,1206.16,1222.41,46531
2015-01-12 00:00:00,1223.9,1228.13,1222.21,1226.04,14212
2015-01-12 01:00:00,1225.41,1230.99,1217.4,1220.43,14894
2015-01-12 02:00:00,1220.67,1235.74,1218.06,1232.94,45547
2015-01-13 00:00:00,1231.85,1241.01,1230.47,1235.93,16547
2015-01-13 01:00:00,1234.67,1244.02,1233.37,1238.98,23801
2015-01-13 02:00:00,1239.12,1242.78,1227.14,1230.65,57310
2015-01-14 00:00:00,1231.54,1234.4,1224.89,1229.3,22084
2015-01-14 01:00:00,1229.61,1232.88,1225.17,1228.88,30834
2015-01-14 02:00:00,1228.89,1244.24,1226.82,1229.93,70546
2015-01-15 00:00:00,1229.28,1232.14,1226.92,1230.52,15903
2015-01-15 01:00:00,1230.87,1252.21,1225.87,1251.56,26609
2015-01-15 02:00:00,1245.75,1266.64,1244.56,1259.0,80425
2015-01-16 00:00:00,1262.97,1263.59,1257.74,1258.99,10277
2015-01-16 01:00:00,1258.78,1261.16,1254.87,1257.47,15104
2015-01-16 02:00:00,1258.01,1282.01,1256.92,1279.15,57381
2015-01-19 00:00:00,1278.61,1279.03,1275.02,1276.81,11407
2015-01-19 01:00:00,1275.77,1278.39,1274.37,1276.57,13048
2015-01-19 02:00:00,1276.53,1278.94,1271.89,1276.66,19703
2015-01-21 00:00:00,1294.74,1299.47,1290.37,1298.63,18311
2015-01-21 01:00:00,1297.43,1303.31,1296.53,1297.76,28379
2015-01-21 02:00:00,1297.56,1305.07,1284.48,1293.05,66228
2015-01-22 00:00:00,1291.97,1293.7,1288.8,1292.13,11897
2015-01-22 01:00:00,1293.49,1293.7,1283.14,1287.21,27565
2015-01-22 02:00:00,1286.49,1307.53,1279.29,1301.66,69718
2015-01-23 00:00:00,1300.63,1302.07,1296.29,1296.9,16754
2015-01-23 01:00:00,1297.14,1297.42,1292.51,1294.7,27888
2015-01-23 02:00:00,1294.58,1299.57,1284.29,1294.36,39977
2015-01-26 00:00:00,1294.62,1299.0,1289.97,1294.71,16371
2015-01-26 01:00:00,1293.96,1294.92,1277.68,1278.42,26960
2015-01-26 02:00:00,1282.93,1287.39,1275.71,1280.78,48733
2015-01-27 00:00:00,1280.55,1282.26,1272.07,1278.73,17893
2015-01-27 01:00:00,1277.48,1283.75,1276.94,1281.49,21591
2015-01-27 02:00:00,1279.93,1297.42,1279.11,1293.26,57358
2015-01-28 00:00:00,1292.29,1293.8,1288.45,1290.36,14687
2015-01-28 01:00:00,1289.77,1292.06,1285.87,1290.86,18232
2015-01-28 02:00:00,1288.42,1292.9,1279.57,1285.28,50200
2015-01-29 00:00:00,1284.66,1285.75,1277.98,1281.97,14975
2015-01-29 01:00:00,1282.22,1283.41,1271.81,1273.66,24756
2015-01-29 02:00:00,1275.7,1276.82,1251.88,1256.2,57751
2015-01-30 00:00:00,1258.23,1261.74,1256.95,1261.33,9229
2015-01-30 01:00:00,1260.39,1266.01,1258.73,1263.64,14460
2015-01-30 02:00:00,1265.09,1284.63,1258.24,1284.27,51621
2015-02-02 00:00:00,1280.42,1283.27,1278.49,1281.03,15513
2015-02-02 01:00:00,1280.38,1281.37,1273.51,1276.08,15371
2015-02-02 02:00:00,1275.98,1282.12,1266.3,1275.02,49295
2015-02-03 00:00:00,1274.76,1275.61,1271.95,1274.83,16377
2015-02-03 01:00:00,1273.84,1285.55,1273.42,1281.84,26176
2015-02-03 02:00:00,1281.16,1282.58,1255.38,1260.95,65914
2015-02-04 00:00:00,1261.74,1264.55,1256.54,1263.62,19212
2015-02-04 01:00:00,1263.76,1271.35,1262.33,1268.2,21741
2015-02-04 02:00:00,1268.7,1272.33,1259.36,1268.38,47862
2015-02-05 00:00:00,1270.01,1273.82,1269.67,1272.04,17672
2015-02-05 01:00:00,1271.44,1273.24,1258.71,1261.05,23655
2015-02-05 02:00:00,1260.53,1268.08,1256.18,1265.24,52040
2015-02-06 00:00:00,1266.87,1268.21,1262.16,1267.04,14747
2015-02-06 01:00:00,1265.74,1268.62,1263.77,1264.95,15443
2015-02-06 02:00:00,1264.73,1266.68,1231.7133398798937,1237.316882581078,67182
2015-02-09 00:00:00,1239.893333537719,1242.03088856462,1235.04,1237.3,9699
2015-02-09 01:00:00,1237.38,1243.65,1236.18,1241.33,13635
2015-02-09 02:00:00,1241.29,1243.13,1236.04,1239.27,33452
2015-02-10 00:00:00,1238.6,1245.23,1238.19,1243.25,7454
2015-02-10 01:00:00,1242.46,1245.82,1236.71,1237.58,13339
2015-02-10 02:00:00,1237.99,1239.91,1230.84,1233.91,45237
2015-02-11 00:00:00,1234.04,1238.07,1233.3,1237.78,8575
2015-02-11 01:00:00,1237.58,1238.59,1232.9,1233.82,13875
2015-02-11 02:00:00,1233.91,1237.98,1218.39,1219.94,42681
2015-02-12 00:00:00,1218.3,1223.94,1218.02,1220.91,13140
2015-02-12 01:00:00,1221.0,1232.82,1220.32,1224.31,22345
2015-02-12 02:00:00,1223.22,1227.73,1219.41,1221.33,40316
2015-02-13 00:00:00,1223.45,1228.74,1222.71,1227.39,14851
2015-02-13 01:00:00,1227.84,1231.06,1223.85,1224.83,16108
2015-02-13 02:00:00,1224.84,1234.82,1223.06,1228.91,38925
2015-02-16 00:00:00,1228.34,1233.72,1228.02,1232.43,8660
2015-02-16 01:00:00,1232.37,1236.59,1231.49,1234.27,11087
2015-02-16 02:00:00,1233.48,1234.84,1229.65,1230.79,16379
2015-02-17 00:00:00,1231.86,1233.84,1226.12,1228.5,13529
2015-02-17 01:00:00,1227.83,1229.6,1220.25,1222.96,19072
2015-02-17 02:00:00,1221.88,1225.2,1203.64,1208.3,42202
2015-02-18 00:00:00,1208.9,1209.54,1206.25,1208.46,8625
2015-02-18 01:00:00,1208.38,1210.79,1202.45,1205.2,13224
2015-02-18 02:00:00,1204.26,1213.3,1197.42,1210.92,47133
2015-02-19 00:00:00,1212.47,1217.58,1211.28,1215.32,7668
2015-02-19 01:00:00,1214.98,1221.02,1213.58,1217.54,17240
2015-02-19 02:00:00,1219.13,1222.81,1205.25,1207.33,49821
2015-02-20 00:00:00,1207.31,1209.61,1205.78,1207.84,10995
2015-02-20 01:00:00,1207.33,1209.06,1201.41,1202.93,15408
2015-02-20 02:00:00,1203.74,1215.29,1198.19,1201.91,44298
2015-02-23 00:00:00,1202.87,1204.69,1200.65,1203.8,12524
2015-02-23 01:00:00,1204.47,1204.68,1190.61,1192.97,15098
2015-02-23 02:00:00,1192.97,1210.22,1192.54,1201.01,29595
2015-02-24 00:00:00,1202.16,1204.42,1201.22,1202.83,9581
2015-02-24 01:00:00,1203.11,1203.36,1194.46,1199.54,17873
2015-02-24 02:00:00,1198.06,1203.03,1190.3,1199.95,45870
2015-02-25 00:00:00,1201.16,1210.13,1201.03,1208.32,16524
2015-02-25 01:00:00,1207.57,1211.77,1206.4,1208.91,15754
2015-02-25 02:00:00,1206.81,1210.95,1200.99,1204.49,35330
2015-02-26 00:00:00,1204.67,1209.62,1203.49,1209.01,14368
2015-02-26 01:00:00,1208.96,1219.84,1208.58,1218.79,19157
2015-02-26 02:00:00,1218.18,1219.79,1206.44,1209.3,45243
2015-02-27 00:00:00,1209.56,1211.46,1207.82,1208.64,11764
2015-02-27 01:00:00,1209.16,1212.19,1204.34,1206.78,14898
2015-02-27 02:00:00,1206.17,1219.17,1205.59,1212.5,40157
2015-03-02 00:00:00,1213.85,1223.17,1212.55,1220.59,12213
2015-03-02 01:00:00,1220.36,1223.18,1214.73,1216.82,14517
2015-03-02 02:00:00,1216.96,1219.87,1204.54,1206.09,46080
2015-03-03 00:00:00,1205.89,1210.93,1195.34,1208.16,18382
2015-03-03 01:00:00,1208.69,1211.4,1206.72,1208.16,13354
2015-03-03 02:00:00,1207.82,1214.76,1201.46,1203.71,44662
2015-03-04 00:00:00,1204.71,1208.4,1204.08,1207.98,7544
2015-03-04 01:00:00,1207.65,1209.01,1201.79,1203.95,13095
2015-03-04 02:00:00,1204.23,1207.3,1198.21,1199.05,43572
2015-03-05 00:00:00,1200.25,1205.89,1200.11,1204.99,7926
2015-03-05 01:00:00,1205.64,1205.88,1197.63,1199.85,11630
2015-03-05 02:00:00,1200.38,1209.35,1196.35,1198.05,41420
2015-03-06 00:00:00,1199.08,1200.66,1196.97,1198.58,6645
2015-03-06 01:00:00,1199.62,1199.71,1192.77,1195.87,14321
2015-03-06 02:00:00,1196.45,1198.24,1166.7889053479817,1169.2751879734346,68465
2015-03-09 00:00:00,1171.3759783840496,1174.465608470818,1167.34,1170.52,9500
2015-03-09 01:00:00,1170.88,1175.28,1170.23,1174.64,12003
2015-03-09 02:00:00,1175.06,1175.29,1165.66,1166.6,25082
2015-03-10 00:00:00,1161.56,1162.06,1160.48,1161.92,2582
2015-03-10 01:00:00,1161.23,1163.85,1154.93,1163.0,20825
2015-03-10 02:00:00,1162.17,1170.45,1158.79,1161.63,44877
2015-03-11 00:00:00,1162.4,1165.19,1161.31,1161.97,7118
2015-03-11 01:00:00,1161.7,1164.72,1156.72,1160.08,14174
2015-03-11 02:00:00,1158.06,1160.71,1147.42,1154.43,47528
2015-03-12 00:00:00,1154.95,1155.89,1150.15,1153.62,9716
2015-03-12 01:00:00,1153.33,1166.58,1153.07,1159.94,23010
2015-03-12 02:00:00,1160.32,1161.37,1148.57,1153.52,45397
2015-03-13 00:00:00,1154.14,1161.83,1153.87,1159.63,9547
2015-03-13 01:00:00,1159.36,1161.65,1155.45,1156.27,12631
2015-03-13 02:00:00,1157.12,1159.32,1151.32,1158.18,39914
2015-03-16 00:00:00,1156.68,1160.1,1153.41,1159.79,15121
2015-03-16 01:00:00,1160.09,1163.97,1155.96,1156.76,16657
2015-03-16 02:00:00,1156.85,1158.62,1150.23,1154.52,32797
2015-03-17 00:00:00,1154.64,1156.76,1151.87,1154.61,12371
2015-03-17 01:00:00,1154.87,1156.92,1153.04,1153.4,15491
2015-03-17 02:00:00,1154.17,1159.74,1142.7,1149.24,45217
2015-03-18 00:00:00,1149.37,1152.89,1148.7,1149.94,13004
2015-03-18 01:00:00,1150.25,1152.76,1145.84,1150.4,17803
2015-03-18 02:00:00,1150.82,1175.5,1146.98,1167.43,61437
2015-03-19 00:00:00,1167.7,1177.71,1167.21,1171.61,23646
2015-03-19 01:00:00,1170.58,1173.39,1163.12,1164.76,25791
2015-03-19 02:00:00,1164.44,1173.0,1159.49,1170.81,46716
2015-03-20 00:00:00,1170.66,1173.71,1169.84,1170.78,12325
2015-03-20 01:00:00,1170.83,1174.11,1168.65,1173.13,19063
2015-03-20 02:00:00,1173.31,1187.88,1169.67,1182.22,52474
2015-03-23 00:00:00,1185.8,1187.07,1180.85,1182.61,15112
2015-03-23 01:00:00,1182.78,1185.95,1179.23,1181.66,17799
2015-03-23 02:00:00,1181.77,1191.47,1180.72,1189.32,42397
2015-03-24 00:00:00,1189.57,1190.16,1185.34,1186.14,11630
2015-03-24 01:00:00,1186.2,1194.91,1185.9,1193.56,16863
2015-03-24 02:00:00,1194.4,1194.91,1185.89,1193.1,38143
2015-03-25 00:00:00,1192.18,1192.65,1187.34,1189.14,11149
2015-03-25 01:00:00,1188.82,1196.07,1186.52,1194.55,16733
2015-03-25 02:00:00,1192.52,1199.57,1192.42,1195.17,24842
2015-03-26 00:00:00,1195.13,1200.19,1194.39,1198.58,13181
2015-03-26 01:00:00,1199.4,1219.57,1198.29,1208.52,30089
2015-03-26 02:00:00,1207.02,1212.44,1201.84,1204.54,33475
2015-03-27 00:00:00,1204.32,1205.19,1199.79,1202.49,8652
2015-03-27 01:00:00,1202.51,1206.05,1195.73,1200.09,18395
2015-03-27 02:00:00,1199.19,1203.0,1192.45,1198.09,36807
2015-03-30 00:00:00,1197.39,1198.3,1192.19,1193.94,11989
2015-03-30 01:00:00,1194.41,1194.66,1186.16,1187.29,19451
2015-03-30 02:00:00,1186.86,1188.4,1182.23,1185.46,30404
2015-03-31 00:00:00,1186.04,1187.35,1179.6,1181.63,14352
2015-03-31 01:00:00,1181.23,1184.53,1178.29,1181.39,21907
2015-03-31 02:00:00,1180.73,1190.62,1180.73,1183.52,35593
2015-04-01 00:00:00,1183.76,1188.95,1182.62,1187.94,14121
2015-04-01 01:00:00,1187.69,1188.47,1180.74,1182.5,12976
2015-04-01 02:00:00,1182.24,1208.51,1180.74,1204.25,45835
2015-04-02 00:00:00,1203.83,1204.2,1201.25,1203.37,11239
2015-04-02 01:00:00,1203.39,1207.21,1201.05,1205.24,15374
2015-04-02 02:00:00,1203.4,1205.84,1194.75,1201.67,39224
2015-04-06 00:00:00,1215.64,1218.64,1214.0,1216.9,12384
2015-04-06 01:00:00,1217.68,1223.28,1216.5,1217.84,17502
2015-04-06 02:00:00,1218.11,1224.13,1213.82,1214.57,37846
2015-04-07 00:00:00,1214.56,1215.66,1210.8,1213.68,12005
2015-04-07 01:00:00,1212.6,1214.55,1207.34,1210.23,15787
2015-04-07 02:00:00,1207.94,1214.09,1207.89,1209.12,29376
2015-04-08 00:00:00,1208.49,1211.08,1207.67,1210.59,10357
2015-04-08 01:00:00,1209.62,1212.21,1208.6,1211.14,13649
2015-04-08 02:00:00,1210.6,1211.89,1197.34,1202.78,45148
2015-04-09 00:00:00,1202.79,1203.18,1196.18,1198.14,7441
2015-04-09 01:00:00,1197.98,1198.79,1192.52,1197.8,13421
2015-04-09 02:00:00,1197.41,1202.55,1192.89,1194.05,34696
2015-04-10 00:00:00,1194.59,1196.53,1193.19,1196.08,10313
2015-04-10 01:00:00,1195.59,1205.44,1193.85,1203.22,18748
2015-04-10 02:00:00,1202.67,1210.59,1198.92,1208.08,32285
2015-04-13 00:00:00,1207.15,1209.41,1203.57,1204.09,15659
2015-04-13 01:00:00,1203.63,1205.61,1197.47,1198.76,22934
2015-04-13 02:00:00,1198.81,1206.81,1196.32,1199.31,34161
2015-04-14 00:00:00,1198.93,1201.34,1198.29,1198.85,12551
2015-04-14 01:00:00,1200.55,1200.83,1187.54,1188.28,28230
2015-04-14 02:00:00,1190.64,1198.91,1183.87,1192.75,53087
2015-04-15 00:00:00,1192.77,1194.98,1190.65,1192.15,12938
2015-04-15 01:00:00,1190.93,1194.55,1188.87,1191.64,21498
2015-04-15 02:00:00,1192.51,1204.48,1188.78,1202.47,48707
2015-04-16 00:00:00,1202.37,1207.48,1200.7,1200.99,17891
2015-04-16 01:00:00,1202.77,1208.87,1199.89,1206.65,30868
2015-04-16 02:00:00,1206.41,1209.08,1194.63,1199.1,48717
2015-04-17 00:00:00,1198.92,1201.35,1197.3,1198.3,11071
2015-04-17 01:00:00,1197.91,1207.6,1197.71,1207.11,23947
2015-04-17 02:00:00,1205.74,1207.6,1200.78,1204.29,50332
2015-04-20 00:00:00,1205.29,1206.58,1203.54,1203.91,13491
2015-04-20 01:00:00,1203.85,1209.02,1201.99,1203.28,22139
2015-04-20 02:00:00,1204.19,1204.63,1191.27,1195.39,43066
2015-04-21 00:00:00,1196.64,1196.8,1193.31,1196.41,11288
2015-04-21 01:00:00,1196.2,1198.77,1192.97,1198.49,14178
2015-04-21 02:00:00,1197.42,1204.15,1194.73,1202.33,34444
2015-04-22 00:00:00,1202.45,1203.29,1199.27,1199.77,11457
2015-04-22 01:00:00,1199.57,1204.71,1198.24,1202.85,21735
2015-04-22 02:00:00,1202.55,1203.93,1185.68,1187.03,42728
2015-04-23 00:00:00,1187.53,1189.09,1184.26,1188.38,15442
2015-04-23 01:00:00,1188.88,1190.22,1185.36,1189.69,20897
2015-04-23 02:00:00,1189.32,1197.91,1186.13,1194.43,43030
2015-04-24 00:00:00,1194.03,1194.34,1190.89,1190.91,9453
2015-04-24 01:00:00,1191.92,1195.88,1190.47,1191.47,20977
2015-04-24 02:00:00,1191.51,1192.47,1175.14,1179.03,43596
2015-04-27 00:00:00,1179.54,1183.44,1178.57,1182.2,15265
2015-04-27 01:00:00,1182.47,1183.67,1179.83,1182.72,20174
2015-04-27 02:00:00,1182.87,1207.12,1181.8,1202.39,52886
2015-04-28 00:00:00,1201.77,1202.21,1199.16,1200.96,14571
2015-04-28 01:00:00,1200.95,1203.54,1199.32,1201.66,20076
2015-04-28 02:00:00,1201.55,1214.96,1200.56,1212.12,49975
2015-04-29 00:00:00,1212.17,1212.19,1209.18,1210.9,10157
2015-04-29 01:00:00,1211.13,1211.43,1204.33,1205.72,14642
2015-04-29 02:00:00,1205.12,1213.99,1201.32,1204.54,55534
2015-04-30 00:00:00,1205.37,1206.16,1201.0,1201.57,14324
2015-04-30 01:00:00,1203.25,1207.22,1199.87,1203.51,26834
2015-04-30 02:00:00,1203.54,1207.14,1177.0,1183.72,61265
2015-05-01 00:00:00,1184.55,1185.13,1182.29,1182.71,8845
2015-05-01 01:00:00,1182.55,1183.53,1178.84,1181.0,13623
2015-05-01 02:00:00,1180.46,1182.0,1169.66,1177.3,46354
2015-05-04 00:00:00,1179.89,1184.62,1177.65,1183.31,13066
2015-05-04 01:00:00,1183.31,1185.01,1182.0,1182.02,12114
2015-05-04 02:00:00,1183.89,1192.76,1180.38,1188.36,40072
2015-05-05 00:00:00,1188.3,1189.03,1185.65,1186.83,9188
2015-05-05 01:00:00,1186.68,1190.21,1186.05,1186.67,12818
2015-05-05 02:00:00,1187.5,1199.86,1186.43,1192.76,39875
2015-05-06 00:00:00,1193.37,1196.82,1193.03,1194.82,8041
2015-05-06 01:00:00,1195.92,1197.28,1189.4,1190.5,16482
2015-05-06 02:00:00,1190.98,1197.55,1188.16,1191.78,42938
2015-05-07 00:00:00,1191.51,1192.72,1186.65,1187.63,7758
2015-05-07 01:00:00,1187.71,1188.98,1180.69,1183.73,19420
2015-05-07 02:00:00,1182.82,1188.42,1178.77,1183.9,37668
2015-05-08 00:00:00,1184.15,1184.71,1181.83,1184.2,10785
2015-05-08 01:00:00,1183.17,1188.75,1182.91,1186.95,18638
2015-05-08 02:00:00,1186.14,1193.46,1181.6,1188.22,54350
2015-05-11 00:00:00,1188.64,1190.31,1187.98,1188.24,10336
2015-05-11 01:00:00,1188.31,1189.15,1183.95,1186.65,12387
2015-05-11 02:00:00,1185.74,1191.67,1178.83,1183.49,39462
2015-05-12 00:00:00,1183.82,1184.8,1183.03,1184.31,9258
2015-05-12 01:00:00,1183.97,1196.98,1180.73,1194.0,21061
2015-05-12 02:00:00,1187.81,1196.98,1187.81,1193.02,44607
2015-05-13 00:00:00,1193.35,1194.42,1191.22,1192.12,11512
2015-05-13 01:00:00,1193.1,1196.21,1191.35,1193.96,18056
2015-05-13 02:00:00,1193.1,1218.8,1192.61,1215.7,58222
2015-05-14 00:00:00,1215.14,1215.27,1212.26,1214.13,8611
2015-05-14 01:00:00,1213.65,1219.81,1212.59,1218.44,20168
2015-05-14 02:00:00,1216.44,1227.08,1215.08,1220.84,58554
2015-05-15 00:00:00,1221.2,1221.92,1218.34,1219.45,11968
2015-05-15 01:00:00,1219.84,1221.58,1210.94,1214.77,20155
2015-05-15 02:00:00,1215.96,1226.09,1210.94,1224.49,48728
2015-05-18 00:00:00,1223.74,1225.24,1221.53,1224.36,8649
2015-05-18 01:00:00,1224.25,1232.22,1223.79,1229.67,19371
2015-05-18 02:00:00,1229.33,1231.0,1222.5,1224.85,41756
2015-05-19 00:00:00,1225.29,1225.39,1220.27,1222.0,11725
2015-05-19 01:00:00,1221.86,1224.05,1217.06,1220.44,21867
2015-05-19 02:00:00,1220.13,1222.78,1205.67,1207.73,43730
2015-05-20 00:00:00,1208.53,1209.51,1206.9,1208.69,6244
2015-05-20 01:00:00,1208.19,1210.69,1203.19,1209.89,18529
2015-05-20 02:00:00,1207.77,1213.3,1206.89,1209.43,42571
2015-05-21 00:00:00,1209.34,1212.67,1207.91,1211.29,11484
2015-05-21 01:00:00,1210.73,1212.62,1207.82,1208.65,21200
2015-05-21 02:00:00,1208.99,1210.03,1201.38,1206.01,39598
2015-05-22 00:00:00,1206.27,1208.55,1205.5,1208.28,7864
2015-05-22 01:00:00,1207.14,1214.82,1207.02,1214.23,18391
2015-05-22 02:00:00,1212.33,1214.75,1201.36,1205.77,42142
2015-05-25 00:00:00,1204.88,1205.14,1202.73,1203.92,6436
2015-05-25 01:00:00,1204.45,1205.84,1203.17,1204.27,9162
2015-05-25 02:00:00,1203.66,1209.15,1203.13,1206.55,10305
2015-05-26 00:00:00,1206.48,1207.45,1204.47,1204.97,7851
2015-05-26 01:00:00,1204.91,1205.64,1193.12,1194.55,24411
2015-05-26 02:00:00,1194.29,1196.13,1185.53,1187.62,39217
2015-05-27 00:00:00,1187.16,1189.97,1186.47,1188.41,7899
2015-05-27 01:00:00,1188.5,1190.86,1184.22,1185.81,19644
2015-05-27 02:00:00,1185.65,1188.62,1183.53,1187.92,36098
2015-05-28 00:00:00,1187.41,1189.35,1186.84,1187.69,11578
2015-05-28 01:00:00,1187.58,1192.14,1186.26,1188.24,20115
2015-05-28 02:00:00,1187.69,1190.03,1180.3,1188.53,39498
2015-05-29 00:00:00,1187.83,1190.5,1187.66,1190.23,11816
2015-05-29 01:00:00,1189.64,1190.58,1187.67,1189.22,18905
2015-05-29 02:00:00,1189.96,1193.95,1185.58,1190.06,39075
2015-06-01 00:00:00,1190.47,1197.31,1189.15,1191.07,10689
2015-06-01 01:00:00,1190.96,1192.06,1185.47,1186.42,18161
2015-06-01 02:00:00,1186.55,1204.2,1184.5,1188.98,40376
2015-06-02 00:00:00,1189.12,1189.52,1186.34,1187.99,5748
2015-06-02 01:00:00,1187.68,1190.4,1185.92,1187.72,19409
2015-06-02 02:00:00,1187.78,1196.25,1187.0,1193.36,46101
2015-06-03 00:00:00,1193.3,1195.48,1191.67,1192.26,4686
2015-06-03 01:00:00,1191.98,1194.1,1186.67,1188.48,19617
2015-06-03 02:00:00,1188.5,1193.2,1179.37,1186.35,47307
2015-06-04 00:00:00,1185.22,1186.17,1181.84,1183.9,8197
2015-06-04 01:00:00,1184.27,1185.99,1180.36,1182.92,25781
2015-06-04 02:00:00,1183.21,1183.95,1172.86,1175.86,39897
2015-06-05 00:00:00,1177.14,1178.24,1176.11,1177.33,8508
2015-06-05 01:00:00,1177.45,1178.53,1174.58,1175.97,15555
2015-06-05 02:00:00,1176.08,1176.47,1162.63,1171.41,41052
2015-06-08 00:00:00,1169.98,1177.57,1169.05,1173.48,17132
2015-06-08 01:00:00,1174.22,1175.65,1170.82,1174.78,26098
2015-06-08 02:00:00,1175.0,1175.41,1169.46,1173.98,32765
2015-06-09 00:00:00,1174.09,1177.07,1172.4,1176.19,11295
2015-06-09 01:00:00,1175.28,1182.44,1175.07,1181.76,21671
2015-06-09 02:00:00,1180.36,1182.87,1175.32,1176.41,32543
2015-06-10 00:00:00,1176.78,1180.17,1175.19,1179.29,9547
2015-06-10 01:00:00,1176.08,1189.64,1175.19,1188.27,29268
2015-06-10 02:00:00,1186.39,1192.23,1184.79,1185.76,36936
2015-06-11 00:00:00,1186.5,1187.89,1185.73,1187.73,7930
2015-06-11 01:00:00,1185.99,1187.89,1178.54,1179.41,18572
2015-06-11 02:00:00,1180.26,1185.29,1175.55,1181.66,34102
2015-06-12 00:00:00,1181.71,1183.75,1181.28,1182.63,8929
2015-06-12 01:00:00,1182.52,1183.91,1178.63,1179.35,18528
2015-06-12 02:00:00,1180.05,1183.4,1176.96,1181.04,26071
2015-06-15 00:00:00,1182.17,1186.26,1180.17,1181.19,9879
2015-06-15 01:00:00,1181.61,1185.05,1172.73,1175.25,19101
2015-06-15 02:00:00,1174.0,1190.37,1172.73,1186.05,36529
2015-06-16 00:00:00,1185.69,1187.43,1183.77,1186.35,8175
2015-06-16 01:00:00,1186.89,1187.84,1181.75,1183.35,18290
2015-06-16 02:00:00,1182.83,1184.75,1175.98,1182.39,29493
2015-06-17 00:00:00,1181.79,1182.22,1179.18,1180.11,5832
2015-06-17 01:00:00,1180.54,1180.77,1177.97,1178.9,14634
2015-06-17 02:00:00,1178.73,1189.05,1174.56,1186.04,37570
2015-06-18 00:00:00,1184.22,1188.2,1183.54,1187.56,12272
2015-06-18 01:00:00,1187.15,1198.93,1186.73,1197.06,23655
2015-06-18 02:00:00,1198.04,1205.68,1194.72,1201.65,45544
2015-06-19 00:00:00,1202.07,1202.29,1199.0,1199.42,13203
2015-06-19 01:00:00,1199.84,1201.4,1198.28,1199.92,18856
2015-06-19 02:00:00,1200.83,1204.11,1198.6,1200.67,29343
2015-06-22 00:00:00,1200.69,1200.88,1196.51,1199.16,9716
2015-06-22 01:00:00,1198.84,1199.3,1192.34,1192.89,17214
2015-06-22 02:00:00,1195.37,1195.39,1182.1,1185.34,32449
2015-06-23 00:00:00,1185.66,1188.02,1184.19,1186.07,7882
2015-06-23 01:00:00,1186.24,1187.1,1182.09,1183.35,14818
2015-06-23 02:00:00,1184.23,1184.23,1176.14,1178.3,32640
2015-06-24 00:00:00,1178.51,1179.29,1176.0,1177.42,5653
2015-06-24 01:00:00,1177.09,1180.22,1173.85,1178.66,18085
2015-06-24 02:00:00,1179.41,1179.78,1169.82,1174.95,29602
2015-06-25 00:00:00,1174.88,1177.99,1174.76,1177.89,5458
2015-06-25 01:00:00,1177.17,1178.05,1171.79,1173.52,18755
2015-06-25 02:00:00,1174.66,1175.36,1171.54,1172.94,31015
2015-06-26 00:00:00,1173.71,1175.19,1173.38,1174.45,8946
2015-06-26 01:00:00,1174.46,1178.57,1170.13,1174.52,21934
2015-06-26 02:00:00,1174.07,1175.1,1168.5,1174.06,35509
2015-06-29 00:00:00,1186.25,1187.9,1179.83,1182.1,23432
2015-06-29 01:00:00,1181.9,1184.87,1176.07,1177.15,30202
2015-06-29 02:00:00,1176.32,1183.85,1173.76,1178.97,47854
2015-06-30 00:00:00,1180.04,1180.47,1175.87,1176.01,15162
2015-06-30 01:00:00,1176.9,1177.45,1171.24,1172.65,24569
2015-06-30 02:00:00,1174.5,1178.99,1166.69,1173.22,58117
2015-07-01 00:00:00,1174.14,1175.0,1172.17,1174.39,6205
2015-07-01 01:00:00,1174.1,1174.67,1171.39,1172.62,17394
2015-07-01 02:00:00,1172.69,1173.4,1167.53,1168.67,34775
2015-07-02 00:00:00,1168.35,1168.85,1166.98,1167.87,7667
2015-07-02 01:00:00,1167.89,1168.43,1162.29,1162.68,15079
2015-07-02 02:00:00,1164.63,1169.51,1155.98,1166.78,37798
2015-07-03 00:00:00,1165.68,1167.88,1164.65,1167.73,10602
2015-07-03 01:00:00,1167.33,1170.18,1166.23,1168.54,16067
2015-07-03 02:00:00,1168.36,1169.94,1165.93,1168.58,13412
2015-07-06 00:00:00,1172.0,1174.67,1167.67,1168.33,14866
2015-07-06 01:00:00,1168.13,1169.02,1162.84,1165.12,22280
2015-07-06 02:00:00,1164.34,1174.38,1163.4,1169.48,38987
2015-07-07 00:00:00,1170.33,1170.33,1167.01,1167.11,6975
2015-07-07 01:00:00,1167.4,1169.26,1165.84,1166.48,15568
2015-07-07 02:00:00,1167.32,1168.14,1147.84,1156.46,60816
2015-07-08 00:00:00,1153.25,1156.61,1151.53,1154.18,17017
2015-07-08 01:00:00,1153.94,1155.33,1147.13,1155.01,31041
2015-07-08 02:00:00,1154.53,1164.64,1153.08,1158.44,48880
2015-07-09 00:00:00,1159.08,1160.0,1155.93,1157.59,15733
2015-07-09 01:00:00,1157.97,1166.53,1157.38,1162.32,24370
2015-07-09 02:00:00,1162.04,1167.69,1159.43,1160.87,36474
2015-07-10 00:00:00,1159.63,1162.76,1157.39,1161.72,12026
2015-07-10 01:00:00,1161.59,1164.01,1160.83,1162.49,16521
2015-07-10 02:00:00,1162.97,1165.33,1158.21,1163.88,34052
2015-07-13 00:00:00,1162.73,1164.13,1160.68,1161.63,10978
2015-07-13 01:00:00,1161.63,1164.1,1153.79,1156.08,17171
2015-07-13 02:00:00,1155.83,1159.35,1151.07,1157.58,34461
2015-07-14 00:00:00,1158.07,1158.18,1154.83,1155.66,9299
2015-07-14 01:00:00,1155.97,1157.09,1153.2,1153.98,15005
2015-07-14 02:00:00,1154.14,1159.75,1152.88,1155.35,28954
2015-07-15 00:00:00,1155.65,1156.71,1154.67,1155.52,7050
2015-07-15 01:00:00,1155.16,1155.94,1153.59,1154.69,9875
2015-07-15 02:00:00,1155.4,1155.63,1143.21,1149.1,39034
2015-07-16 00:00:00,1149.02,1149.39,1145.99,1147.79,10117
2015-07-16 01:00:00,1147.53,1148.0,1144.07,1145.24,18278
2015-07-16 02:00:00,1145.19,1147.7,1142.22,1144.94,41141
2015-07-17 00:00:00,1145.08,1145.36,1143.6,1144.35,8066
2015-07-17 01:00:00,1144.69,1145.68,1142.93,1143.38,16611
2015-07-17 02:00:00,1143.13,1144.63,1131.06,1134.33,45705
2015-07-20 00:00:00,1132.56,1133.1,1076.0933291246358,1111.4934973331488,27365
2015-07-20 01:00:00,1110.8630621351085,1119.03,1104.67,1111.7,26558
2015-07-20 02:00:00,1114.45,1116.04,1094.33,1097.44,54904
2015-07-21 00:00:00,1098.26,1105.79,1096.91,1103.87,18310
2015-07-21 01:00:00,1103.64,1109.3,1100.94,1106.72,22961
2015-07-21 02:00:00,1106.37,1109.82,1098.19,1100.58,37082
2015-07-22 00:00:00,1102.66,1103.33,1092.62,1094.14,18145
2015-07-22 01:00:00,1093.55,1097.4,1090.99,1094.13,23997
2015-07-22 02:00:00,1095.35,1096.28,1087.02,1093.88,39781
2015-07-23 00:00:00,1094.43,1099.58,1093.48,1098.08,12241
2015-07-23 01:00:00,1097.98,1105.72,1095.77,1102.23,21597
2015-07-23 02:00:00,1102.4,1103.03,1087.23,1089.33,50287
2015-07-24 00:00:00,1091.23,1091.58,1077.2,1083.58,20511
2015-07-24 01:00:00,1083.65,1086.43,1080.89,1081.99,28423
2015-07-24 02:00:00,1082.93,1101.48,1077.51,1099.48,59571
2015-07-27 00:00:00,1095.58,1099.18,1094.29,1097.03,16236
2015-07-27 01:00:00,1097.89,1104.93,1096.72,1097.38,25068
2015-07-27 02:00:00,1099.53,1102.13,1088.34,1092.23,52383
2015-07-28 00:00:00,1094.68,1095.88,1092.36,1094.81,11546
2015-07-28 01:00:00,1094.59,1098.68,1091.89,1092.13,20894
2015-07-28 02:00:00,1095.28,1098.94,1091.55,1095.38,38446
2015-07-29 00:00:00,1095.09,1097.81,1094.58,1096.98,8938
2015-07-29 01:00:00,1097.04,1099.28,1096.04,1096.61,20142
2015-07-29 02:00:00,1096.83,1101.89,1090.36,1097.25,56381
2015-07-30 00:00:00,1096.11,1098.57,1092.27,1093.37,12838
2015-07-30 01:00:00,1093.08,1094.14,1082.47,1086.38,26844
2015-07-30 02:00:00,1086.43,1095.4,1082.5,1088.08,41286
2015-07-31 00:00:00,1088.65,1089.4,1083.98,1084.68,12430
2015-07-31 01:00:00,1084.78,1086.28,1079.98,1082.03,21079
2015-07-31 02:00:00,1081.98,1103.46,1080.18,1095.54,55427
2015-08-03 00:00:00,1095.72,1097.43,1091.94,1095.59,15482
2015-08-03 01:00:00,1096.08,1097.68,1092.48,1092.98,20939
2015-08-03 02:00:00,1093.23,1093.48,1085.79,1086.11,43852
2015-08-04 00:00:00,1085.32,1085.78,1080.94,1084.0,16065
2015-08-04 01:00:00,1083.4,1094.78,1082.83,1092.85,25524
2015-08-04 02:00:00,1093.59,1094.55,1084.71,1088.14,46626
2015-08-05 00:00:00,1087.31,1087.55,1084.61,1086.73,14032
2015-08-05 01:00:00,1085.85,1088.31,1084.2,1085.34,22019
2015-08-05 02:00:00,1086.23,1092.48,1082.92,1084.72,52324
2015-08-06 00:00:00,1084.82,1085.62,1083.46,1084.81,13317
2015-08-06 01:00:00,1084.39,1087.22,1083.95,1085.69,18780
2015-08-06 02:00:00,1085.23,1094.0,1084.45,1089.24,49348
2015-08-07 00:00:00,1089.77,1091.25,1087.92,1088.53,11026
2015-08-07 01:00:00,1088.51,1097.54,1087.42,1091.99,23206
2015-08-07 02:00:00,1091.54,1099.43,1082.74,1093.23,63832
2015-08-10 00:00:00,1093.04,1095.03,1089.58,1094.74,12279
2015-08-10 01:00:00,1094.73,1098.42,1093.76,1094.38,19007
2015-08-10 02:00:00,1094.48,1108.84,1093.77,1104.24,55758
2015-08-11 00:00:00,1104.32,1107.15,1093.75,1100.92,27025
2015-08-11 01:00:00,1100.85,1119.32,1097.76,1111.18,36904
2015-08-11 02:00:00,1112.92,1114.21,1103.8,1108.45,52787
2015-08-12 00:00:00,1108.83,1113.24,1101.74,1109.89,23507
2015-08-12 01:00:00,1110.59,1119.69,1109.31,1117.05,36541
2015-08-12 02:00:00,1116.58,1125.75,1114.91,1123.58,63711
2015-08-13 00:00:00,1125.26,1126.71,1120.63,1121.68,20319
2015-08-13 01:00:00,1121.32,1123.25,1116.6,1117.27,24162
2015-08-13 02:00:00,1117.79,1118.55,1113.6,1114.81,44897
2015-08-14 00:00:00,1115.18,1115.84,1112.35,1113.67,15700
2015-08-14 01:00:00,1113.69,1119.26,1112.7,1118.92,22204
2015-08-14 02:00:00,1117.94,1121.01,1111.69,1113.93,44881
2015-08-17 00:00:00,1114.7,1117.38,1113.48,1116.99,12120
2015-08-17 01:00:00,1116.5,1119.91,1115.98,1116.99,22991
2015-08-17 02:00:00,1116.18,1122.74,1116.05,1117.69,43178
2015-08-18 00:00:00,1117.4,1119.63,1116.62,1118.94,11713
2015-08-18 01:00:00,1118.51,1121.12,1117.41,1120.34,23254
2015-08-18 02:00:00,1120.14,1121.12,1109.63,1117.61,49860
2015-08-19 00:00:00,1118.0,1118.37,1116.24,1116.97,10488
2015-08-19 01:00:00,1118.13,1124.08,1116.79,1122.7,24117
2015-08-19 02:00:00,1122.84,1134.56,1119.14,1133.75,66339
2015-08-20 00:00:00,1133.46,1139.4,1132.58,1138.04,17568
2015-08-20 01:00:00,1138.09,1142.06,1136.04,1139.61,30688
2015-08-20 02:00:00,1138.2,1153.95,1137.62,1152.76,64770
2015-08-21 00:00:00,1153.8,1168.16,1153.26,1163.29,21578
2015-08-21 01:00:00,1162.78,1165.56,1148.91,1151.38,34858
2015-08-21 02:00:00,1151.09,1161.63,1149.2,1159.31,68865
2015-08-24 00:00:00,1164.32,1165.21,1155.51,1157.9,25176
2015-08-24 01:00:00,1158.98,1160.48,1152.24,1155.87,42698
2015-08-24 02:00:00,1156.28,1170.01,1145.63,1153.9,112450
2015-08-25 00:00:00,1153.47,1156.53,1150.79,1154.16,16794
2015-08-25 01:00:00,1154.73,1155.12,1145.75,1148.72,38757
2015-08-25 02:00:00,1150.66,1152.68,1134.58,1139.94,81840
2015-08-26 00:00:00,1140.32,1146.36,1134.55,1135.51,17603
2015-08-26 01:00:00,1137.41,1139.68,1132.87,1135.38,38330
2015-08-26 02:00:00,1134.11,1135.45,1117.68,1123.56,78041
2015-08-27 00:00:00,1125.89,1129.09,1122.99,1127.42,18006
2015-08-27 01:00:00,1127.41,1129.19,1124.98,1128.06,33820
2015-08-27 02:00:00,1127.77,1129.19,1118.23,1126.17,79804
2015-08-28 00:00:00,1125.45,1132.29,1124.35,1130.52,20513
2015-08-28 01:00:00,1130.83,1132.95,1125.35,1127.41,33734
2015-08-28 02:00:00,1126.11,1140.76,1123.72,1134.17,70803
2015-08-31 00:00:00,1133.77,1135.15,1129.15,1134.25,17975
2015-08-31 01:00:00,1134.38,1135.0,1131.49,1132.72,21748
2015-08-31 02:00:00,1133.19,1136.56,1125.64,1134.93,54670
2015-09-01 00:00:00,1134.6,1142.64,1134.31,1141.82,20326
2015-09-01 01:00:00,1141.43,1144.15,1140.22,1143.07,32491
2015-09-01 02:00:00,1142.47,1147.85,1137.09,1139.99,54575
2015-09-02 00:00:00,1139.71,1140.24,1135.36,1138.72,18756
2015-09-02 01:00:00,1138.85,1142.36,1137.25,1138.56,28450
2015-09-02 02:00:00,1138.64,1141.29,1132.03,1134.06,51590
2015-09-03 00:00:00,1133.68,1133.92,1131.28,1132.92,8834
2015-09-03 01:00:00,1133.42,1134.24,1129.11,1129.2,19000
2015-09-03 02:00:00,1130.45,1131.15,1121.83,1125.36,54647
2015-09-04 00:00:00,1125.09,1126.6,1123.63,1124.77,15974
2015-09-04 01:00:00,1124.61,1126.05,1123.68,1124.51,20002
2015-09-04 02:00:00,1124.63,1132.86,1116.72,1122.87,49249
2015-09-07 00:00:00,1122.99,1124.73,1117.67,1122.71,21033
2015-09-07 01:00:00,1123.18,1124.23,1120.67,1120.93,21358
2015-09-07 02:00:00,1121.43,1122.72,1116.04,1118.94,13981
2015-09-08 00:00:00,1120.17,1122.07,1119.17,1121.07,13922
2015-09-08 01:00:00,1121.94,1122.07,1118.59,1119.71,23072
2015-09-08 02:00:00,1120.84,1126.67,1119.33,1121.85,46479
2015-09-09 00:00:00,1121.64,1125.32,1121.52,1123.98,14859
2015-09-09 01:00:00,1124.16,1124.39,1119.97,1119.99,20702
2015-09-09 02:00:00,1121.6,1121.75,1101.23,1107.47,59468
2015-09-10 00:00:00,1106.98,1108.29,1103.79,1107.4,16385
2015-09-10 01:00:00,1107.22,1108.55,1105.14,1106.87,26654
2015-09-10 02:00:00,1107.42,1114.97,1105.81,1110.56,53582
2015-09-11 00:00:00,1111.03,1112.83,1110.92,1112.37,8239
2015-09-11 01:00:00,1111.82,1112.72,1105.37,1107.23,22534
2015-09-11 02:00:00,1107.69,1108.39,1098.71,1107.6,45503
2015-09-14 00:00:00,1107.44,1109.68,1104.69,1108.82,15068
2015-09-14 01:00:00,1109.23,1109.38,1106.46,1106.53,20703
2015-09-14 02:00:00,1107.3,1110.4,1103.46,1108.87,30015
2015-09-15 00:00:00,1108.47,1109.31,1106.48,1107.6,7295
2015-09-15 01:00:00,1108.05,1108.78,1104.98,1105.48,11845
2015-09-15 02:00:00,1106.05,1109.05,1102.51,1104.81,35250
2015-09-16 00:00:00,1105.26,1105.86,1103.92,1105.22,11151
2015-09-16 01:00:00,1105.09,1109.92,1104.24,1108.83,20376
2015-09-16 02:00:00,1108.57,1124.11,1107.36,1119.55,62071
2015-09-17 00:00:00,1119.21,1122.91,1119.04,1120.5,15926
2015-09-17 01:00:00,1120.67,1121.72,1117.01,1117.13,22156
2015-09-17 02:00:00,1118.17,1135.13,1115.35,1131.52,59740
2015-09-18 00:00:00,1130.88,1132.19,1127.47,1128.27,19895
2015-09-18 01:00:00,1127.6,1139.45,1127.49,1138.91,28294
2015-09-18 02:00:00,1136.62,1141.68,1132.58,1138.93,63687
2015-09-21 00:00:00,1139.11,1139.22,1136.03,1137.73,10026
2015-09-21 01:00:00,1137.34,1139.81,1136.61,1136.76,19682
2015-09-21 02:00:00,1136.64,1137.69,1129.56,1133.03,35630
2015-09-22 00:00:00,1132.95,1134.74,1132.16,1133.79,6621
2015-09-22 01:00:00,1133.6,1136.51,1128.47,1131.14,23533
2015-09-22 02:00:00,1130.24,1132.24,1121.28,1125.31,53833
2015-09-23 00:00:00,1124.8,1125.38,1121.79,1124.2,9889
2015-09-23 01:00:00,1124.57,1128.25,1123.43,1125.24,19628
2015-09-23 02:00:00,1125.69,1134.14,1124.85,1130.43,42380
2015-09-24 00:00:00,1130.72,1136.19,1130.31,1134.73,15043
2015-09-24 01:00:00,1135.09,1137.62,1133.73,1134.93,22293
2015-09-24 02:00:00,1134.72,1156.65,1134.3,1153.13,81528
2015-09-25 00:00:00,1149.55,1151.14,1146.13,1147.04,23285
2015-09-25 01:00:00,1147.03,1148.1,1140.71,1144.07,29871
2015-09-25 02:00:00,1143.83,1148.56,1140.75,1146.12,57726
2015-09-28 00:00:00,1145.33,1148.14,1143.66,1145.39,18167
2015-09-28 01:00:00,1145.74,1146.34,1131.26,1133.17,30432
2015-09-28 02:00:00,1137.93,1138.11,1127.95,1131.97,61691
2015-09-29 00:00:00,1132.01,1133.75,1131.43,1132.11,17029
2015-09-29 01:00:00,1132.03,1132.93,1124.17,1127.07,31294
2015-09-29 02:00:00,1126.25,1134.63,1124.64,1128.14,48222
2015-09-30 00:00:00,1127.25,1128.08,1122.83,1124.98,16469
2015-09-30 01:00:00,1125.3,1127.05,1122.05,1122.66,24533
2015-09-30 02:00:00,1122.59,1124.27,1111.63,1115.01,65430
2015-10-01 00:00:00,1115.56,1116.22,1114.11,1114.41,16668
2015-10-01 01:00:00,1114.88,1114.99,1110.99,1112.68,20256
2015-10-01 02:00:00,1113.97,1119.13,1112.43,1113.94,45377
2015-10-02 00:00:00,1113.48,1113.87,1111.23,1111.73,12443
2015-10-02 01:00:00,1111.94,1112.41,1104.59,1106.18,20115
2015-10-02 02:00:00,1106.25,1138.377403121012,1104.59,1134.811180736599,81288
2015-10-05 00:00:00,1133.8475683310012,1139.55,1133.1383872070473,1137.25,16351
2015-10-05 01:00:00,1137.41,1138.02,1132.21,1133.22,24665
2015-10-05 02:00:00,1133.06,1141.92,1130.06,1135.5,59808
2015-10-06 00:00:00,1135.63,1137.51,1134.92,1136.34,11106
2015-10-06 01:00:00,1135.93,1139.75,1135.81,1137.64,19564
2015-10-06 02:00:00,1137.62,1151.18,1137.46,1147.14,53462
2015-10-07 00:00:00,1146.93,1149.39,1146.07,1148.3,15448
2015-10-07 01:00:00,1148.38,1152.94,1146.82,1148.32,25305
2015-10-07 02:00:00,1147.63,1153.57,1141.72,1145.59,45203
2015-10-08 00:00:00,1145.09,1146.15,1141.56,1143.87,17180
2015-10-08 01:00:00,1143.53,1145.16,1140.4,1144.52,20376
2015-10-08 02:00:00,1144.55,1151.21,1136.56,1139.2,51733
2015-10-09 00:00:00,1138.96,1146.28,1138.91,1146.25,14573
2015-10-09 01:00:00,1144.95,1157.65,1144.65,1155.47,29148
2015-10-09 02:00:00,1154.31,1159.61,1150.8,1157.08,54670
2015-10-12 00:00:00,1155.83,1158.9,1154.73,1157.41,8990
2015-10-12 01:00:00,1157.19,1166.64,1156.74,1164.76,22435
2015-10-12 02:00:00,1165.01,1168.9,1159.17,1163.97,37196
2015-10-13 00:00:00,1163.52,1163.88,1152.98,1154.43,18548
2015-10-13 01:00:00,1153.93,1158.21,1153.75,1154.58,26251
2015-10-13 02:00:00,1154.73,1168.6,1151.74,1167.81,55248
2015-10-14 00:00:00,1168.08,1174.57,1166.49,1172.19,17855
2015-10-14 01:00:00,1172.13,1176.05,1164.16,1167.11,30725
2015-10-14 02:00:00,1167.45,1189.7,1163.35,1186.98,58474
2015-10-15 00:00:00,1184.54,1186.3,1181.58,1184.03,14192
2015-10-15 01:00:00,1183.73,1187.04,1182.63,1184.86,22385
2015-10-15 02:00:00,1184.69,1191.44,1174.23,1183.02,62361
2015-10-16 00:00:00,1182.06,1183.03,1177.5,1177.9,15546
2015-10-16 01:00:00,1179.15,1179.15,1175.29,1177.39,24882
2015-10-16 02:00:00,1176.75,1184.34,1174.24,1175.92,55118
2015-10-19 00:00:00,1176.54,1177.94,1171.18,1172.71,16554
2015-10-19 01:00:00,1171.97,1173.84,1170.71,1172.17,24209
2015-10-19 02:00:00,1172.62,1178.13,1168.49,1170.3,43489
2015-10-20 00:00:00,1170.01,1171.19,1167.31,1168.91,12232
2015-10-20 01:00:00,1168.58,1175.25,1168.26,1173.71,24560
2015-10-20 02:00:00,1174.57,1180.67,1171.35,1176.79,49185
2015-10-21 00:00:00,1176.19,1179.13,1176.01,1178.2,15242
2015-10-21 01:00:00,1177.02,1178.55,1173.36,1174.81,23385
2015-10-21 02:00:00,1174.98,1177.76,1163.61,1166.86,56928
2015-10-22 00:00:00,1167.62,1167.68,1164.47,1166.1,18899
2015-10-22 01:00:00,1166.1,1169.87,1164.95,1167.67,26872
2015-10-22 02:00:00,1166.79,1171.72,1162.55,1165.72,59516
2015-10-23 00:00:00,1166.0,1169.36,1164.36,1169.0,17363
2015-10-23 01:00:00,1168.9,1174.96,1167.86,1171.64,29958
2015-10-23 02:00:00,1172.04,1179.29,1158.88,1164.49,66875
2015-10-26 00:00:00,1162.9,1165.45,1162.11,1165.11,17190
2015-10-26 01:00:00,1165.16,1168.38,1162.33,1166.81,25128
2015-10-26 02:00:00,1167.23,1169.59,1162.04,1163.0,42678
2015-10-27 00:00:00,1163.79,1165.66,1162.27,1164.3,12827
2015-10-27 01:00:00,1164.93,1167.16,1163.69,1165.81,20459
2015-10-27 02:00:00,1165.88,1168.63,1160.73,1166.5,51209
2015-10-28 00:00:00,1167.11,1168.72,1165.2,1168.14,16150
2015-10-28 01:00:00,1167.81,1173.43,1167.52,1172.14,25252
2015-10-28 02:00:00,1171.93,1182.86,1152.26,1155.77,73678
2015-10-29 00:00:00,1157.37,1162.09,1156.49,1159.81,21012
2015-10-29 01:00:00,1160.27,1162.59,1157.17,1157.93,32973
2015-10-29 02:00:00,1159.89,1159.9,1144.63,1145.78,68684
2015-10-30 00:00:00,1145.64,1148.16,1144.69,1148.0,23756
2015-10-30 01:00:00,1147.57,1149.97,1146.51,1148.69,30699
2015-10-30 02:00:00,1148.19,1149.33,1139.23,1141.74,62796
2015-11-02 00:00:00,1141.45,1141.75,1134.16,1140.99,22364
2015-11-02 01:00:00,1140.92,1142.94,1136.19,1137.57,22447
2015-11-02 02:00:00,1137.88,1138.95,1132.57,1133.0,50243
2015-11-03 00:00:00,1133.72,1138.19,1132.94,1137.76,12048
2015-11-03 01:00:00,1137.5,1138.25,1130.64,1131.93,23317
2015-11-03 02:00:00,1131.69,1132.73,1114.33,1118.16,68666
2015-11-04 00:00:00,1118.11,1122.76,1117.98,1121.7,24556
2015-11-04 01:00:00,1122.04,1122.05,1116.81,1117.7,26224
2015-11-04 02:00:00,1118.31,1121.29,1106.35,1107.95,62579
2015-11-05 00:00:00,1107.94,1111.41,1107.92,1110.43,20243
2015-11-05 01:00:00,1110.38,1111.45,1106.77,1108.58,26453
2015-11-05 02:00:00,1107.71,1111.09,1102.9,1104.93,49645
2015-11-06 00:00:00,1104.55,1108.58,1104.54,1108.43,16911
2015-11-06 01:00:00,1108.15,1110.38,1107.35,1108.06,16304
2015-11-06 02:00:00,1107.72,1109.23,1085.39,1088.62,57367
2015-11-09 00:00:00,1090.33,1093.83,1089.02,1093.33,20842
2015-11-09 01:00:00,1093.22,1094.9,1091.38,1092.48,23414
2015-11-09 02:00:00,1093.82,1095.59,1088.31,1091.71,49823
2015-11-10 00:00:00,1092.27,1093.66,1090.77,1092.42,15016
2015-11-10 01:00:00,1092.61,1094.79,1089.93,1092.96,17529
2015-11-10 02:00:00,1093.02,1094.58,1085.22,1089.51,47922
2015-11-11 00:00:00,1089.88,1093.35,1088.56,1091.98,17370
2015-11-11 01:00:00,1092.06,1093.58,1087.43,1087.45,19346
2015-11-11 02:00:00,1089.55,1090.05,1084.09,1085.43,47053
2015-11-12 00:00:00,1086.5,1089.35,1086.23,1087.45,16346
2015-11-12 01:00:00,1087.47,1088.86,1086.6,1087.29,20078
2015-11-12 02:00:00,1087.53,1089.52,1074.08,1084.59,65828
2015-11-13 00:00:00,1085.0,1085.15,1080.13,1082.37,16230
2015-11-13 01:00:00,1083.74,1087.35,1081.38,1087.31,25708
2015-11-13 02:00:00,1083.94,1088.54,1079.57,1082.73,74983
2015-11-16 00:00:00,1088.11,1093.53,1085.88,1092.92,25587
2015-11-16 01:00:00,1093.1,1098.01,1090.05,1091.45,31220
2015-11-16 02:00:00,1092.89,1093.3,1081.26,1082.36,57169
2015-11-17 00:00:00,1083.85,1085.01,1081.44,1081.85,14370
2015-11-17 01:00:00,1082.14,1082.25,1077.04,1079.71,24630
2015-11-17 02:00:00,1080.21,1083.17,1065.44,1069.32,70828
2015-11-18 00:00:00,1071.57,1071.62,1064.64,1068.42,23984
2015-11-18 01:00:00,1068.29,1072.57,1068.02,1069.31,27576
2015-11-18 02:00:00,1070.14,1075.39,1066.16,1070.37,64979
2015-11-19 00:00:00,1071.57,1079.2,1071.21,1076.53,23191
2015-11-19 01:00:00,1077.55,1078.85,1072.7,1073.79,24960
2015-11-19 02:00:00,1073.77,1087.38,1069.46,1082.23,68167
2015-11-20 00:00:00,1081.9,1084.25,1080.16,1083.19,22880
2015-11-20 01:00:00,1083.58,1088.01,1079.48,1085.8,27198
2015-11-20 02:00:00,1085.84,1086.86,1075.76,1077.97,61803
2015-11-23 00:00:00,1076.15,1076.65,1067.36,1071.57,25497
2015-11-23 01:00:00,1071.06,1073.12,1067.82,1069.21,28633
2015-11-23 02:00:00,1069.03,1075.07,1066.62,1069.1,60909
2015-11-24 00:00:00,1069.07,1072.13,1068.93,1071.5,18740
2015-11-24 01:00:00,1071.85,1075.95,1070.79,1075.76,30528
2015-11-24 02:00:00,1074.52,1081.01,1072.92,1075.29,59335
2015-11-25 00:00:00,1075.69,1080.74,1074.35,1078.8,19855
2015-11-25 01:00:00,1077.94,1080.02,1071.84,1072.25,23805
2015-11-25 02:00:00,1072.78,1074.81,1067.83,1071.17,42845
2015-11-26 00:00:00,1071.18,1074.8,1069.6,1072.74,14927
2015-11-26 01:00:00,1074.41,1074.46,1070.23,1072.6,19306
2015-11-26 02:00:00,1072.13,1073.38,1070.32,1071.65,18418
2015-11-27 00:00:00,1071.76,1073.73,1066.81,1067.64,16016
2015-11-27 01:00:00,1068.18,1069.35,1064.06,1065.55,23206
2015-11-27 02:00:00,1065.15,1066.61,1052.67,1058.04,39642
2015-11-30 00:00:00,1058.29,1058.4,1053.13,1057.25,19019
2015-11-30 01:00:00,1055.45,1057.98,1054.14,1056.08,19907
2015-11-30 02:00:00,1056.35,1069.68,1055.83,1064.02,50475
2015-12-01 00:00:00,1064.81,1074.58,1063.18,1071.15,22084
2015-12-01 01:00:00,1070.56,1072.98,1068.31,1068.73,21585
2015-12-01 02:00:00,1069.25,1072.46,1063.73,1069.26,47972
2015-12-02 00:00:00,1068.87,1071.36,1067.76,1068.09,10571
2015-12-02 01:00:00,1068.22,1069.24,1066.17,1067.13,19229
2015-12-02 02:00:00,1067.08,1067.69,1050.58,1053.07,69522
2015-12-03 00:00:00,1053.84,1054.92,1046.23,1052.33,24334
2015-12-03 01:00:00,1051.91,1054.39,1048.83,1050.85,29205
2015-12-03 02:00:00,1050.93,1065.39,1049.97,1062.18,84412
2015-12-04 00:00:00,1063.35,1064.88,1059.87,1061.11,22345
2015-12-04 01:00:00,1061.09,1063.78,1058.07,1062.49,31418
2015-12-04 02:00:00,1061.98,1088.78,1060.55,1084.6699679722456,94858
2015-12-07 00:00:00,1084.82,1086.55,1082.57,1084.59,25904
2015-12-07 01:00:00,1085.7,1085.88,1082.19,1082.91,32085
2015-12-07 02:00:00,1083.27,1083.42,1069.5,1071.89,76274
2015-12-08 00:00:00,1070.96,1073.48,1067.72,1072.31,26409
2015-12-08 01:00:00,1072.49,1075.13,1070.94,1072.09,30586
2015-12-08 02:00:00,1071.76,1079.03,1067.57,1074.61,72004
2015-12-09 00:00:00,1074.53,1078.51,1073.93,1077.11,15368
2015-12-09 01:00:00,1077.14,1081.35,1073.11,1077.43,30503
2015-12-09 02:00:00,1078.34,1085.3,1069.29,1073.12,82003
2015-12-10 00:00:00,1072.2,1076.42,1071.84,1075.38,23625
2015-12-10 01:00:00,1074.53,1075.96,1071.13,1075.41,33894
2015-12-10 02:00:00,1072.43,1075.52,1069.35,1071.69,64382
2015-12-11 00:00:00,1071.75,1072.85,1065.76,1068.38,20543
2015-12-11 01:00:00,1067.7,1072.15,1062.41,1064.3,30780
2015-12-11 02:00:00,1064.49,1079.53,1062.36,1074.88,82587
2015-12-14 00:00:00,1073.72,1077.48,1071.06,1075.73,14582
2015-12-14 01:00:00,1076.17,1076.5,1065.51,1067.42,30778
2015-12-14 02:00:00,1066.38,1075.06,1063.13,1063.85,70346
2015-12-15 00:00:00,1061.16,1066.11,1061.14,1064.07,17117
2015-12-15 01:00:00,1063.64,1068.6,1058.89,1064.45,34863
2015-12-15 02:00:00,1065.68,1067.57,1059.61,1060.46,63708
2015-12-16 00:00:00,1061.21,1066.37,1060.83,1064.52,10386
2015-12-16 01:00:00,1064.51,1066.48,1063.42,1063.59,23632
2015-12-16 02:00:00,1064.31,1078.27,1061.58,1073.43,76895
2015-12-17 00:00:00,1071.97,1072.84,1064.7,1066.89,23129
2015-12-17 01:00:00,1067.83,1069.14,1064.32,1066.84,29331
2015-12-17 02:00:00,1065.62,1068.23,1047.58,1051.17,67956
2015-12-18 00:00:00,1050.92,1055.73,1050.84,1054.45,18957
2015-12-18 01:00:00,1054.07,1057.94,1053.86,1056.18,32064
2015-12-18 02:00:00,1056.37,1071.49,1055.77,1066.12,55667
2015-12-21 00:00:00,1066.16,1070.01,1063.91,1068.93,10633
2015-12-21 01:00:00,1068.73,1074.03,1068.35,1072.39,27259
2015-12-21 02:00:00,1072.49,1081.71,1066.9,1077.53,65665
2015-12-22 00:00:00,1078.06,1079.83,1075.82,1077.22,9209
2015-12-22 01:00:00,1077.3,1079.99,1076.63,1077.16,24206
2015-12-22 02:00:00,1077.38,1080.69,1071.78,1071.9,57582
2015-12-23 00:00:00,1072.87,1074.5,1072.48,1073.78,6685
2015-12-23 01:00:00,1073.77,1075.43,1069.58,1072.72,25146
2015-12-23 02:00:00,1071.79,1074.29,1068.26,1070.0,46063
2015-12-24 00:00:00,1070.36,1074.37,1070.02,1073.85,10030
2015-12-24 01:00:00,1074.1,1074.41,1071.18,1071.38,19264
2015-12-24 02:00:00,1072.0,1076.74,1071.19,1076.05,29284
2015-12-28 00:00:00,1075.86,1076.86,1071.52,1073.13,12945
2015-12-28 01:00:00,1073.46,1074.18,1070.69,1071.8,26693
2015-12-28 02:00:00,1071.84,1072.46,1066.37,1068.54,52264
2015-12-29 00:00:00,1068.8,1073.49,1067.89,1072.37,13554
2015-12-29 01:00:00,1071.83,1075.17,1068.33,1069.62,37688
2015-12-29 02:00:00,1069.35,1073.17,1067.43,1069.02,45466
2015-12-30 00:00:00,1069.01,1071.04,1068.16,1070.32,11573
2015-12-30 01:00:00,1070.58,1072.01,1065.83,1067.33,29772
2015-12-30 02:00:00,1067.16,1069.47,1059.33,1061.51,23570
2015-12-31 00:00:00,1061.37,1063.12,1060.6,1062.2,13750
2015-12-31 01:00:00,1062.33,1063.43,1061.45,1062.15,22207
2015-12-31 02:00:00,1062.32,1063.46,1058.13,1060.91,31407
2016-01-04 00:00:00,1064.88,1066.53,1061.66,1066.24,27729
2016-01-04 01:00:00,1065.25,1074.62,1064.98,1074.37,42275
2016-01-04 02:00:00,1072.61,1083.44,1070.3,1074.22,81506
2016-01-05 00:00:00,1073.15,1077.73,1072.56,1077.11,23398
2016-01-05 01:00:00,1077.29,1080.07,1076.28,1078.21,37850
2016-01-05 02:00:00,1077.4,1081.9,1075.15,1078.07,67267
2016-01-06 00:00:00,1077.75,1079.19,1074.89,1078.23,25249
2016-01-06 01:00:00,1078.29,1087.98,1077.91,1085.9,41243
2016-01-06 02:00:00,1085.24,1095.13,1081.85,1093.01,76850
2016-01-07 00:00:00,1093.59,1102.7,1091.33,1099.57,38002
2016-01-07 01:00:00,1099.37,1100.63,1092.41,1099.28,49798
2016-01-07 02:00:00,1095.76,1110.01,1095.71,1108.93,103902
2016-01-08 00:00:00,1108.62,1113.12,1101.2,1102.53,26458
2016-01-08 01:00:00,1102.79,1103.97,1095.77,1099.43,42909
2016-01-08 02:00:00,1097.77,1105.54,1091.78,1103.29,101857
2016-01-11 00:00:00,1107.4,1108.42,1102.53,1103.86,20436
2016-01-11 01:00:00,1103.87,1107.73,1098.94,1102.48,42672
2016-01-11 02:00:00,1103.89,1105.62,1094.2,1095.4,85238
2016-01-12 00:00:00,1095.19,1097.97,1093.0,1096.83,26373
2016-01-12 01:00:00,1097.75,1099.14,1090.12,1092.06,34860
2016-01-12 02:00:00,1091.63,1093.09,1083.41,1089.48,86863
2016-01-13 00:00:00,1087.48,1087.9,1082.88,1083.35,18300
2016-01-13 01:00:00,1083.24,1085.55,1079.71,1082.0,35634
2016-01-13 02:00:00,1082.04,1095.4,1080.39,1093.65,87935
2016-01-14 00:00:00,1093.24,1095.15,1091.42,1093.35,23084
2016-01-14 01:00:00,1094.62,1094.73,1087.97,1092.33,38125
2016-01-14 02:00:00,1090.63,1093.04,1071.33,1077.18,97229
2016-01-15 00:00:00,1078.22,1082.12,1076.2,1080.73,27719
2016-01-15 01:00:00,1080.93,1085.17,1079.99,1080.66,42882
2016-01-15 02:00:00,1080.74,1097.34,1080.29,1089.14,100069
2016-01-18 00:00:00,1090.14,1093.22,1089.14,1091.26,31228
2016-01-18 01:00:00,1092.26,1092.38,1087.47,1090.21,47289
2016-01-18 02:00:00,1090.42,1091.37,1088.37,1088.88,34420
2016-01-19 00:00:00,1089.43,1090.64,1085.34,1087.61,32621
2016-01-19 01:00:00,1088.19,1094.45,1086.33,1086.99,48223
2016-01-19 02:00:00,1087.14,1091.66,1082.45,1086.61,93774
2016-01-20 00:00:00,1087.77,1093.63,1087.52,1092.27,30565
2016-01-20 01:00:00,1092.41,1096.86,1091.01,1094.56,49264
2016-01-20 02:00:00,1094.68,1109.56,1093.96,1100.79,115125
2016-01-21 00:00:00,1100.93,1103.06,1097.16,1102.1,35353
2016-01-21 01:00:00,1101.9,1104.44,1096.23,1099.38,56189
2016-01-21 02:00:00,1097.32,1102.6,1092.36,1100.82,109776
2016-01-22 00:00:00,1101.12,1101.87,1097.92,1099.45,30222
2016-01-22 01:00:00,1099.58,1099.88,1094.99,1097.94,45147
2016-01-22 02:00:00,1097.58,1102.78,1093.97,1097.9,79398
2016-01-25 00:00:00,1097.73,1102.1,1097.13,1101.79,22378
2016-01-25 01:00:00,1101.86,1105.48,1099.53,1103.84,33676
2016-01-25 02:00:00,1103.77,1108.88,1103.02,1108.19,75755
2016-01-26 00:00:00,1108.26,1113.68,1106.91,1112.43,23701
2016-01-26 01:00:00,1112.37,1117.61,1111.46,1112.75,38091
2016-01-26 02:00:00,1113.69,1122.84,1109.68,1121.15,81406
2016-01-27 00:00:00,1119.87,1122.17,1118.0,1119.93,26255
2016-01-27 01:00:00,1119.83,1120.68,1116.16,1117.11,31867
2016-01-27 02:00:00,1117.01,1127.94,1114.81,1125.0,83069
2016-01-28 00:00:00,1125.57,1125.75,1118.78,1120.93,20949
2016-01-28 01:00:00,1120.04,1121.04,1117.19,1119.85,34819
2016-01-28 02:00:00,1118.43,1122.16,1111.49,1113.95,81694
2016-01-29 00:00:00,1115.33,1118.12,1108.32,1114.38,19216
2016-01-29 01:00:00,1115.44,1116.26,1111.38,1112.29,39438
2016-01-29 02:00:00,1112.31,1118.38,1110.73,1117.39,83360
2016-02-01 00:00:00,1115.86,1122.27,1115.86,1120.99,27231
2016-02-01 01:00:00,1122.11,1124.07,1120.35,1122.93,35324
2016-02-01 02:00:00,1122.7,1129.65,1119.52,1129.19,81672
2016-02-02 00:00:00,1128.08,1130.35,1124.73,1125.49,21941
2016-02-02 01:00:00,1125.33,1126.87,1123.29,1123.78,28509
2016-02-02 02:00:00,1124.66,1131.0,1122.25,1128.81,80779
2016-02-03 00:00:00,1128.12,1128.97,1125.9,1127.49,19684
2016-02-03 01:00:00,1126.56,1130.6,1124.33,1128.12,38185
2016-02-03 02:00:00,1129.85,1145.45,1125.25,1142.47,127834
2016-02-04 00:00:00,1141.56,1143.56,1139.51,1142.0,31616
2016-02-04 01:00:00,1141.08,1147.32,1140.41,1146.47,50269
2016-02-04 02:00:00,1146.97,1157.29,1144.74,1155.42,127288
2016-02-05 00:00:00,1155.5,1156.89,1152.99,1154.86,26175
2016-02-05 01:00:00,1155.21,1160.59,1153.02,1159.38,43158
2016-02-05 02:00:00,1158.88,1174.4,1145.15,1172.49,121974
2016-02-08 00:00:00,1168.46,1170.07,1164.23,1165.36,19505
2016-02-08 01:00:00,1166.25,1176.88,1164.24,1173.57,45246
2016-02-08 02:00:00,1175.82,1198.2864238887482,1171.59,1189.88,132563
2016-02-09 00:00:00,1190.68,1195.43,1190.33,1192.76,24743
2016-02-09 01:00:00,1192.68,1194.77,1185.59,1187.64,46774
2016-02-09 02:00:00,1188.85,1198.82,1187.22,1188.75,127885
2016-02-10 00:00:00,1189.41,1194.31,1188.16,1191.11,34094
2016-02-10 01:00:00,1191.3,1191.82,1181.4,1183.32,49717
2016-02-10 02:00:00,1182.29,1197.32,1181.53,1196.94,104516
2016-02-11 00:00:00,1196.72,1214.62,1196.72,1207.02,15944
2016-02-11 01:00:00,1208.92,1229.67,1205.24,1225.99,52408
2016-02-11 02:00:00,1224.11,1259.598917730009,1223.6,1245.91,122186
2016-02-12 00:00:00,1245.1762370678452,1248.19,1232.37,1236.98,28568
2016-02-12 01:00:00,1232.85,1245.94,1232.37,1242.55,39381
2016-02-12 02:00:00,1241.93,1243.12,1232.46,1238.51,102119
2016-02-15 00:00:00,1232.0,1234.76,1214.41,1218.89,35801
2016-02-15 01:00:00,1220.07,1222.49,1207.44,1209.25,33442
2016-02-15 02:00:00,1209.71,1214.0,1202.13,1209.07,29241
2016-02-16 00:00:00,1209.06,1209.06,1190.8,1193.0,22655
2016-02-16 01:00:00,1193.47,1216.9,1192.63,1215.51,49824
2016-02-16 02:00:00,1211.29,1216.9,1198.19,1200.16,105611
2016-02-17 00:00:00,1202.54,1209.69,1195.6,1206.85,32128
2016-02-17 01:00:00,1208.42,1211.98,1200.37,1203.4,48971
2016-02-17 02:00:00,1202.4,1213.66,1201.2,1209.62,97642
2016-02-18 00:00:00,1208.01,1210.21,1205.01,1208.31,27341
2016-02-18 01:00:00,1209.02,1209.73,1200.64,1203.05,39645
2016-02-18 02:00:00,1202.67,1236.8509121283591,1200.64,1229.9758756104966,108445
2016-02-19 00:00:00,1228.3402843887193,1232.5,1224.82,1226.53,31319
2016-02-19 01:00:00,1227.13,1227.2,1219.87,1225.09,42845
2016-02-19 02:00:00,1222.16,1234.44,1221.81,1227.63,69916
2016-02-22 00:00:00,1224.92,1226.16,1214.58,1216.74,20346
2016-02-22 01:00:00,1215.68,1217.91,1202.52,1203.36,29984
2016-02-22 02:00:00,1204.63,1214.97,1201.83,1208.39,66007
2016-02-23 00:00:00,1209.07,1222.84,1207.1,1219.77,28045
2016-02-23 01:00:00,1219.94,1221.94,1215.12,1217.12,26963
2016-02-23 02:00:00,1218.27,1227.15,1214.85,1225.28,48725
2016-02-24 00:00:00,1227.03,1232.49,1224.36,1228.09,28898
2016-02-24 01:00:00,1227.91,1238.11,1221.76,1235.99,32207
2016-02-24 02:00:00,1235.91,1253.24,1226.94,1229.07,93088
2016-02-25 00:00:00,1226.79,1236.72,1221.04,1232.96,30635
2016-02-25 01:00:00,1232.62,1242.31,1231.95,1233.84,48369
2016-02-25 02:00:00,1235.01,1242.71,1225.5,1234.52,92579
2016-02-26 00:00:00,1232.34,1239.8,1232.29,1237.82,19800
2016-02-26 01:00:00,1237.34,1240.25,1228.35,1233.75,31105
2016-02-26 02:00:00,1232.75,1238.03,1211.39,1222.56,72907
2016-02-29 00:00:00,1218.98,1228.17,1217.23,1226.87,29698
2016-02-29 01:00:00,1226.17,1235.27,1224.94,1234.29,39809
2016-02-29 02:00:00,1234.09,1241.0,1226.15,1237.83,71585
2016-03-01 00:00:00,1239.05,1248.47,1236.58,1244.77,28958
2016-03-01 01:00:00,1244.84,1245.68,1237.02,1240.39,35208
2016-03-01 02:00:00,1239.49,1247.76,1227.1,1231.52,82695
2016-03-02 00:00:00,1231.35,1232.62,1224.68,1227.23,26990
2016-03-02 01:00:00,1227.83,1232.11,1225.51,1231.26,32679
2016-03-02 02:00:00,1230.41,1243.98,1227.4,1240.13,58220
2016-03-03 00:00:00,1241.45,1243.08,1237.34,1238.54,30228
2016-03-03 01:00:00,1239.08,1244.25,1238.31,1242.81,28000
2016-03-03 02:00:00,1242.41,1268.24,1239.93,1263.08,93611
2016-03-04 00:00:00,1262.38,1262.71,1255.73,1261.88,31826
2016-03-04 01:00:00,1261.85,1274.69,1259.65,1271.58,33457
2016-03-04 02:00:00,1273.43,1279.71,1250.43,1258.03,96384
2016-03-07 00:00:00,1259.79,1268.54,1256.65,1258.69,33578
2016-03-07 01:00:00,1259.59,1271.03,1258.31,1270.62,28971
2016-03-07 02:00:00,1268.09,1273.1,1259.39,1266.65,76706
2016-03-08 00:00:00,1266.42,1272.92,1263.37,1267.33,23114
2016-03-08 01:00:00,1265.47,1276.3,1265.47,1274.7,38057
2016-03-08 02:00:00,1273.78,1278.04,1260.15,1261.31,72191
2016-03-09 00:00:00,1261.61,1264.88,1251.5,1254.23,22351
2016-03-09 01:00:00,1254.5,1260.37,1253.21,1253.91,23298
2016-03-09 02:00:00,1256.77,1258.88,1242.91,1251.16,65800
2016-03-10 00:00:00,1252.7,1255.0,1248.93,1250.98,19027
2016-03-10 01:00:00,1249.84,1251.36,1244.84,1251.16,24153
2016-03-10 02:00:00,1247.87,1273.27,1236.99,1271.25,78819
2016-03-11 00:00:00,1269.91,1283.36,1266.221198691855,1272.48,25526
2016-03-11 01:00:00,1270.87,1275.66,1262.08,1264.22,36417
2016-03-11 02:00:00,1264.63,1269.49,1248.43,1250.1,57799
2016-03-14 00:00:00,1251.44,1256.69,1250.94,1253.4,12628
2016-03-14 01:00:00,1254.84,1261.01,1252.02,1255.63,15843
2016-03-14 02:00:00,1255.86,1259.11,1229.3,1235.0,49656
2016-03-15 00:00:00,1235.18,1237.89,1225.6,1229.26,22103
2016-03-15 01:00:00,1229.49,1236.06,1227.1,1235.07,17592
2016-03-15 02:00:00,1233.63,1238.0,1227.48,1232.44,49656
2016-03-16 00:00:00,1232.78,1234.93,1229.94,1232.5,23854
2016-03-16 01:00:00,1232.2,1235.4,1229.57,1231.66,21133
2016-03-16 02:00:00,1232.57,1261.0163101126846,1226.64,1259.0200472095771,68126
2016-03-17 00:00:00,1256.7662505844532,1262.4,1251.6190556986007,1257.85,35426
2016-03-17 01:00:00,1256.3,1270.84,1256.06,1267.25,43434
2016-03-17 02:00:00,1268.78,1270.71,1255.61,1257.72,73314
2016-03-18 00:00:00,1258.68,1266.88,1257.73,1263.18,28888
2016-03-18 01:00:00,1262.74,1265.45,1252.85,1253.68,29831
2016-03-18 02:00:00,1253.86,1258.61,1247.78,1255.04,56854
2016-03-21 00:00:00,1254.55,1255.32,1250.82,1251.66,22611
2016-03-21 01:00:00,1251.33,1252.31,1240.54,1247.95,28341
2016-03-21 02:00:00,1247.01,1249.14,1241.87,1243.44,39961
2016-03-22 00:00:00,1243.57,1246.93,1242.31,1244.82,15178
2016-03-22 01:00:00,1244.26,1260.12,1243.85,1251.56,35377
2016-03-22 02:00:00,1251.39,1256.84,1244.46,1248.0,51051
2016-03-23 00:00:00,1247.72,1249.31,1231.69,1236.26,15322
2016-03-23 01:00:00,1234.64,1236.72,1231.17,1233.48,17937
2016-03-23 02:00:00,1234.29,1234.29,1215.31,1220.13,51268
2016-03-24 00:00:00,1222.61,1223.17,1214.73,1217.92,14276
2016-03-24 01:00:00,1218.7,1220.04,1211.95,1217.86,18498
2016-03-24 02:00:00,1219.0,1223.71,1216.41,1217.12,39468
2016-03-28 00:00:00,1214.3,1215.09,1208.15,1212.95,15168
2016-03-28 01:00:00,1211.46,1218.6,1211.41,1216.79,13629
2016-03-28 02:00:00,1216.36,1223.05,1215.5,1219.99,26031
2016-03-29 00:00:00,1220.8,1222.93,1216.59,1217.33,14270
2016-03-29 01:00:00,1218.84,1220.0,1215.24,1217.64,17433
2016-03-29 02:00:00,1218.83,1242.9,1216.84,1242.0,57619
2016-03-30 00:00:00,1241.41,1242.7,1234.6,1236.19,10790
2016-03-30 01:00:00,1234.88,1243.99,1234.6,1238.03,19875
2016-03-30 02:00:00,1237.03,1238.22,1223.18,1225.33,43096
2016-03-31 00:00:00,1225.85,1228.77,1223.75,1227.88,13271
2016-03-31 01:00:00,1227.26,1235.88,1226.14,1233.91,19117
2016-03-31 02:00:00,1233.58,1240.32,1230.62,1231.77,39338
2016-04-01 00:00:00,1231.56,1234.42,1229.24,1230.32,13548
2016-04-01 01:00:00,1229.63,1235.21,1229.43,1231.21,16973
2016-04-01 02:00:00,1231.04,1232.88,1208.93,1221.52,56119
2016-04-04 00:00:00,1220.3,1222.53,1216.1,1217.68,17927
2016-04-04 01:00:00,1218.69,1219.24,1214.56,1216.02,18615
2016-04-04 02:00:00,1215.63,1222.54,1214.56,1215.7,31488
2016-04-05 00:00:00,1215.7,1226.78,1214.69,1224.45,17002
2016-04-05 01:00:00,1225.06,1234.78,1223.82,1231.22,21567
2016-04-05 02:00:00,1231.36,1236.74,1225.54,1230.47,41764
2016-04-06 00:00:00,1230.41,1232.1,1228.08,1230.32,12007
2016-04-06 01:00:00,1229.14,1231.82,1224.01,1225.1,16003
2016-04-06 02:00:00,1224.89,1228.01,1216.64,1222.27,51298
2016-04-07 00:00:00,1222.95,1227.46,1222.64,1226.57,14221
2016-04-07 01:00:00,1225.59,1239.59,1225.37,1235.46,27001
2016-04-07 02:00:00,1236.69,1243.19,1234.33,1241.01,52141
2016-04-08 00:00:00,1239.37,1240.58,1235.8,1236.19,13205
2016-04-08 01:00:00,1237.63,1238.28,1229.54,1233.27,26177
2016-04-08 02:00:00,1233.1,1242.6,1229.54,1239.48,40433
2016-04-11 00:00:00,1244.78,1251.98,1243.93,1251.57,18466
2016-04-11 01:00:00,1250.1,1254.2,1246.18,1249.37,26044
2016-04-11 02:00:00,1248.64,1258.78,1246.26,1256.62,51232
2016-04-12 00:00:00,1256.15,1259.93,1253.13,1254.36,13549
2016-04-12 01:00:00,1254.51,1262.54,1253.01,1256.87,22668
2016-04-12 02:00:00,1258.33,1262.21,1251.11,1254.93,46123
2016-04-13 00:00:00,1255.62,1256.63,1251.82,1252.36,11280
2016-04-13 01:00:00,1252.92,1252.92,1241.36,1244.02,26752
2016-04-13 02:00:00,1244.93,1250.4,1239.71,1242.82,45759
2016-04-14 00:00:00,1242.43,1242.76,1229.01,1232.94,16915
2016-04-14 01:00:00,1232.76,1244.04,1231.72,1239.49,23254
2016-04-14 02:00:00,1239.84,1240.89,1223.77,1225.7,53870
2016-04-15 00:00:00,1227.36,1230.4,1225.2,1228.62,12957
2016-04-15 01:00:00,1229.35,1231.88,1227.87,1229.94,18855
2016-04-15 02:00:00,1228.55,1235.79,1226.16,1233.91,40213
2016-04-18 00:00:00,1234.66,1239.45,1233.24,1234.4,16350
2016-04-18 01:00:00,1234.44,1239.99,1230.04,1237.96,22273
2016-04-18 02:00:00,1238.68,1241.55,1230.94,1232.35,39504
2016-04-19 00:00:00,1231.77,1235.32,1227.66,1232.3,14334
2016-04-19 01:00:00,1233.46,1246.27,1231.83,1243.03,24658
2016-04-19 02:00:00,1243.02,1256.62,1240.92,1250.13,53315
2016-04-20 00:00:00,1249.69,1257.91,1248.92,1250.3,17293
2016-04-20 01:00:00,1252.01,1254.67,1245.5,1248.1,22428
2016-04-20 02:00:00,1249.33,1256.18,1242.34,1244.04,46339
2016-04-21 00:00:00,1243.77,1251.22,1242.78,1246.95,16380
2016-04-21 01:00:00,1248.3,1261.43,1246.85,1259.14,29030
2016-04-21 02:00:00,1259.44,1270.19,1246.66,1248.71,61295
2016-04-22 00:00:00,1247.66,1252.48,1243.77,1249.36,16976
2016-04-22 01:00:00,1249.71,1250.66,1244.09,1246.09,25028
2016-04-22 02:00:00,1247.2,1248.2,1227.32,1232.96,53030
2016-04-25 00:00:00,1232.22,1234.41,1229.94,1233.33,14587
2016-04-25 01:00:00,1233.83,1237.48,1230.62,1232.44,20311
2016-04-25 02:00:00,1231.86,1242.23,1231.79,1237.16,37465
2016-04-26 00:00:00,1237.83,1240.84,1235.17,1235.82,11714
2016-04-26 01:00:00,1235.82,1237.75,1232.28,1234.26,20493
2016-04-26 02:00:00,1234.48,1244.79,1231.27,1243.35,34391
2016-04-27 00:00:00,1242.81,1246.77,1242.29,1242.89,12837
2016-04-27 01:00:00,1243.74,1247.67,1242.71,1245.27,15042
2016-04-27 02:00:00,1245.77,1252.65,1239.34,1246.02,52864
2016-04-28 00:00:00,1245.4,1250.09,1237.68,1247.07,19001
2016-04-28 01:00:00,1247.12,1258.62,1246.52,1256.56,28407
2016-04-28 02:00:00,1257.73,1269.47,1252.96,1266.79,51280
2016-04-29 00:00:00,1265.94,1280.9,1264.91,1275.66,21443
2016-04-29 01:00:00,1274.54,1279.43,1271.05,1277.44,24909
2016-04-29 02:00:00,1275.9,1296.62,1273.65,1294.51,52421
2016-05-02 00:00:00,1292.65,1296.05,1290.77,1292.94,20071
2016-05-02 01:00:00,1291.59,1302.05,1291.06,1301.08,19590
2016-05-02 02:00:00,1299.55,1303.65,1287.56,1291.13,63039
2016-05-03 00:00:00,1292.09,1297.0,1289.41,1294.26,14594
2016-05-03 01:00:00,1294.38,1301.69,1289.2,1296.08,27870
2016-05-03 02:00:00,1293.96,1299.18,1282.19,1286.4,62383
2016-05-04 00:00:00,1285.54,1287.67,1278.78,1280.44,17161
2016-05-04 01:00:00,1279.54,1284.76,1276.11,1277.95,24735
2016-05-04 02:00:00,1276.76,1289.74,1271.71,1279.54,59235
2016-05-05 00:00:00,1279.62,1283.11,1277.36,1281.02,13159
2016-05-05 01:00:00,1280.99,1283.25,1274.35,1276.29,21254
2016-05-05 02:00:00,1276.55,1286.37,1268.79,1277.17,63484
2016-05-06 00:00:00,1277.49,1280.52,1274.38,1277.66,16797
2016-05-06 01:00:00,1278.42,1281.96,1275.51,1280.92,20209
2016-05-06 02:00:00,1280.43,1295.47,1276.85,1288.88,67091
2016-05-09 00:00:00,1284.19,1287.46,1283.51,1284.6,21215
2016-05-09 01:00:00,1283.94,1284.96,1273.63,1274.38,23373
2016-05-09 02:00:00,1277.12,1277.33,1261.21,1263.49,55556
2016-05-10 00:00:00,1264.03,1266.24,1259.26,1264.24,16547
2016-05-10 01:00:00,1264.79,1267.74,1263.49,1265.42,22409
2016-05-10 02:00:00,1266.21,1269.61,1256.78,1266.5,55106
2016-05-11 00:00:00,1266.06,1271.26,1264.72,1271.26,17980
2016-05-11 01:00:00,1270.1,1274.43,1269.5,1272.76,19820
2016-05-11 02:00:00,1272.37,1279.02,1270.19,1277.24,52095
2016-05-12 00:00:00,1277.49,1278.51,1271.6,1272.4,16135
2016-05-12 01:00:00,1272.18,1272.97,1266.37,1267.94,23380
2016-05-12 02:00:00,1268.16,1280.78,1265.47,1266.74,54910
2016-05-13 00:00:00,1264.09,1272.06,1264.05,1271.86,19087
2016-05-13 01:00:00,1269.01,1276.26,1268.86,1273.6,22115
2016-05-13 02:00:00,1273.6,1275.96,1262.88,1272.93,51827
2016-05-16 00:00:00,1272.72,1279.36,1271.27,1277.11,20854
2016-05-16 01:00:00,1276.46,1283.88,1276.36,1281.81,22920
2016-05-16 02:00:00,1281.93,1288.62,1270.92,1274.43,51079
2016-05-17 00:00:00,1274.08,1280.87,1273.96,1279.01,17604
2016-05-17 01:00:00,1278.53,1280.16,1269.02,1271.1,23000
2016-05-17 02:00:00,1272.68,1282.27,1269.13,1278.44,56655
2016-05-18 00:00:00,1280.28,1281.27,1274.03,1275.36,17636
2016-05-18 01:00:00,1274.8,1275.97,1270.05,1272.42,21740
2016-05-18 02:00:00,1271.67,1276.04,1254.97,1257.2,65784
2016-05-19 00:00:00,1258.63,1261.23,1254.99,1257.61,19513
2016-05-19 01:00:00,1257.38,1258.12,1252.26,1254.17,21876
2016-05-19 02:00:00,1254.8,1255.61,1243.66,1254.34,61819
2016-05-20 00:00:00,1255.67,1259.14,1253.48,1253.51,16707
2016-05-20 01:00:00,1254.3,1257.88,1252.46,1257.05,19207
2016-05-20 02:00:00,1256.26,1260.12,1248.74,1252.44,48844
2016-05-23 00:00:00,1250.34,1255.94,1250.08,1254.11,18892
2016-05-23 01:00:00,1254.41,1254.97,1249.44,1250.77,19858
2016-05-23 02:00:00,1251.06,1251.71,1243.08,1249.06,41337
2016-05-24 00:00:00,1248.74,1252.09,1244.41,1245.37,14436
2016-05-24 01:00:00,1245.2,1246.29,1241.74,1242.98,21810
2016-05-24 02:00:00,1242.69,1243.2,1226.36,1226.93,52013
2016-05-25 00:00:00,1227.47,1230.08,1223.26,1228.04,18117
2016-05-25 01:00:00,1228.55,1228.55,1220.48,1220.98,22636
2016-05-25 02:00:00,1221.08,1225.68,1217.74,1224.24,46062
2016-05-26 00:00:00,1223.38,1234.17,1222.03,1229.8,22379
2016-05-26 01:00:00,1229.39,1231.05,1225.57,1228.31,17415
2016-05-26 02:00:00,1227.45,1232.06,1218.3,1219.62,49124
2016-05-27 00:00:00,1220.13,1222.99,1211.52,1218.24,17780
2016-05-27 01:00:00,1218.16,1223.5,1216.94,1218.57,19098
2016-05-27 02:00:00,1218.44,1221.93,1206.67,1211.99,45075
2016-05-30 00:00:00,1212.93,1213.36,1199.83,1202.49,29056
2016-05-30 01:00:00,1202.62,1209.27,1199.62,1208.13,20374
2016-05-30 02:00:00,1205.56,1210.77,1205.56,1207.4,16033
2016-05-31 00:00:00,1207.08,1214.3,1207.03,1211.86,17678
2016-05-31 01:00:00,1212.76,1214.32,1209.56,1211.18,21517
2016-05-31 02:00:00,1211.69,1218.15,1208.26,1215.52,46933
2016-06-01 00:00:00,1216.02,1219.83,1212.79,1213.25,15941
2016-06-01 01:00:00,1214.23,1217.83,1212.79,1216.27,21266
2016-06-01 02:00:00,1215.64,1220.32,1205.91,1212.34,38602
2016-06-02 00:00:00,1212.84,1215.8,1211.16,1214.41,17842
2016-06-02 01:00:00,1214.55,1217.54,1213.76,1216.47,17001
2016-06-02 02:00:00,1215.12,1217.57,1209.75,1210.83,46987
2016-06-03 00:00:00,1210.32,1212.8,1206.85,1212.8,17236
2016-06-03 01:00:00,1211.27,1213.38,1210.49,1211.56,19236
2016-06-03 02:00:00,1211.52,1241.2243082302566,1211.12,1240.5700578031556,60547
2016-06-06 00:00:00,1240.7469104303918,1248.65,1237.8166933815378,1242.17,22338
2016-06-06 01:00:00,1241.67,1242.42,1239.98,1240.68,15079
2016-06-06 02:00:00,1240.29,1247.45,1239.92,1245.13,49723
2016-06-07 00:00:00,1244.94,1246.53,1242.7,1242.81,12889
2016-06-07 01:00:00,1243.03,1244.13,1240.41,1241.69,18641
2016-06-07 02:00:00,1241.32,1245.79,1234.72,1244.18,39110
2016-06-08 00:00:00,1244.63,1249.14,1242.98,1247.82,15992
2016-06-08 01:00:00,1248.18,1253.42,1247.36,1252.82,18425
2016-06-08 02:00:00,1252.45,1264.31,1252.15,1262.19,47918
2016-06-09 00:00:00,1261.6,1266.26,1260.59,1262.59,14471
2016-06-09 01:00:00,1262.89,1263.6,1256.74,1258.11,18585
2016-06-09 02:00:00,1258.81,1271.68,1256.74,1269.18,42815
2016-06-10 00:00:00,1269.28,1269.33,1265.37,1267.28,13360
2016-06-10 01:00:00,1267.82,1270.16,1264.51,1270.12,20157
2016-06-10 02:00:00,1268.24,1278.09,1265.77,1275.04,48022
2016-06-13 00:00:00,1274.69,1278.31,1272.35,1275.27,22897
2016-06-13 01:00:00,1274.56,1284.79,1273.82,1284.29,25741
2016-06-13 02:00:00,1283.88,1287.09,1277.49,1284.47,44756
2016-06-14 00:00:00,1283.26,1283.51,1279.36,1280.14,15519
2016-06-14 01:00:00,1279.93,1281.73,1276.31,1279.81,22908
2016-06-14 02:00:00,1278.91,1289.73,1278.66,1285.68,39809
2016-06-15 00:00:00,1284.83,1286.04,1282.24,1283.59,14048
2016-06-15 01:00:00,1283.78,1286.95,1280.79,1281.74,17946
2016-06-15 02:00:00,1282.14,1296.76,1278.38,1293.27,51952
2016-06-16 00:00:00,1293.17,1301.32,1291.0,1300.3,25615
2016-06-16 01:00:00,1300.13,1313.42,1299.56,1304.09,37761
2016-06-16 02:00:00,1302.87,1315.54,1279.29,1280.19,77404
2016-06-17 00:00:00,1278.98,1288.9839672574021,1276.48,1284.13,22562
2016-06-17 01:00:00,1283.98,1285.69,1279.27,1285.48,21358
2016-06-17 02:00:00,1284.36,1299.38,1284.24,1298.1,49675
2016-06-20 00:00:00,1286.09,1292.2,1280.78,1281.66,23750
2016-06-20 01:00:00,1283.62,1288.72,1280.27,1282.08,20182
2016-06-20 02:00:00,1283.24,1291.11,1277.93,1289.24,41268
2016-06-21 00:00:00,1289.73,1294.12,1285.0,1286.34,23897
2016-06-21 01:00:00,1285.9,1286.73,1278.87,1279.72,18523
2016-06-21 02:00:00,1280.82,1280.98,1264.44,1267.04,53932
2016-06-22 00:00:00,1269.6,1270.6,1266.11,1268.29,15274
2016-06-22 01:00:00,1268.34,1269.08,1261.13,1265.09,20908
2016-06-22 02:00:00,1265.01,1269.33,1262.95,1266.88,36847
2016-06-23 00:00:00,1263.54,1266.91,1259.27,1265.5,13468
2016-06-23 01:00:00,1264.97,1271.38,1261.07,1263.75,24206
2016-06-23 02:00:00,1266.74,1267.18,1254.37,1257.16,43798
2016-06-24 00:00:00,1253.05,1349.2111401543013,1250.34,1322.270730005101,76762
2016-06-24 01:00:00,1328.8529416173592,1344.01,1301.3055242351375,1320.99,65255
2016-06-24 02:00:00,1315.92,1331.63,1308.86,1317.27,92894
2016-06-27 00:00:00,1326.11,1335.23,1322.18,1326.42,52047
2016-06-27 01:00:00,1323.88,1328.85,1322.72,1325.84,44087
2016-06-27 02:00:00,1325.6,1333.26,1317.57,1326.32,115294
2016-06-28 00:00:00,1324.04,1325.94,1312.96,1315.76,31150
2016-06-28 01:00:00,1317.51,1318.88,1308.6,1309.29,48242
2016-06-28 02:00:00,1309.1,1319.45,1305.4,1311.09,107088
2016-06-29 00:00:00,1311.83,1321.02,1311.41,1318.46,32777
2016-06-29 01:00:00,1317.59,1323.53,1315.89,1317.16,34580
2016-06-29 02:00:00,1318.72,1327.78,1315.89,1318.12,83475
2016-06-30 00:00:00,1317.62,1317.78,1313.85,1314.82,28234
2016-06-30 01:00:00,1314.81,1320.23,1312.73,1317.23,39348
2016-06-30 02:00:00,1315.75,1324.06,1314.42,1322.45,90743
2016-07-01 00:00:00,1322.58,1331.01,1320.47,1329.89,32236
2016-07-01 01:00:00,1330.4,1337.91,1329.33,1332.1,40678
2016-07-01 02:00:00,1331.97,1344.49,1331.44,1340.93,74278
2016-07-04 00:00:00,1339.61,1357.31,1339.5,1345.77,35321
2016-07-04 01:00:00,1345.82,1353.1,1344.91,1351.46,29748
2016-07-04 02:00:00,1351.74,1353.77,1348.79,1350.83,40298
2016-07-05 00:00:00,1349.21,1352.13,1338.05,1344.24,29555
2016-07-05 01:00:00,1343.94,1346.45,1341.12,1345.01,38970
2016-07-05 02:00:00,1345.39,1356.79,1341.99,1356.29,106130
2016-07-06 00:00:00,1356.93,1371.04,1355.94,1368.57,34267
2016-07-06 01:00:00,1366.83,1374.73,1364.09,1374.3,47696
2016-07-06 02:00:00,1370.69,1375.05,1359.63,1363.58,74981
2016-07-07 00:00:00,1362.58,1370.65,1362.53,1367.24,25934
2016-07-07 01:00:00,1367.68,1368.83,1363.85,1364.02,45765
2016-07-07 02:00:00,1366.1,1366.17,1350.69,1359.14,112555
2016-07-08 00:00:00,1359.21,1361.83,1354.49,1358.53,27825
2016-07-08 01:00:00,1358.84,1359.23,1353.98,1356.45,37932
2016-07-08 02:00:00,1356.33,1370.18,1335.17,1366.55,99444
2016-07-11 00:00:00,1368.43,1374.83,1363.02,1366.8,30700
2016-07-11 01:00:00,1368.42,1368.44,1356.74,1359.23,66126
2016-07-11 02:00:00,1359.04,1360.16,1350.57,1355.21,108541
2016-07-12 00:00:00,1355.19,1357.59,1351.71,1354.99,35244
2016-07-12 01:00:00,1355.96,1357.41,1349.55,1353.29,50785
2016-07-12 02:00:00,1350.53,1353.62,1330.31,1333.15,92692
2016-07-13 00:00:00,1333.88,1340.37,1327.46,1337.36,37487
2016-07-13 01:00:00,1335.5,1344.02,1335.31,1338.63,49065
2016-07-13 02:00:00,1338.23,1345.17,1336.22,1343.72,93485
2016-07-14 00:00:00,1342.93,1347.03,1337.28,1338.12,29705
2016-07-14 01:00:00,1339.62,1339.62,1324.48,1328.72,64878
2016-07-14 02:00:00,1326.72,1334.01,1320.08,1333.51,113746
2016-07-15 00:00:00,1335.38,1335.88,1326.72,1327.06,31695
2016-07-15 01:00:00,1328.79,1335.26,1326.33,1334.49,41664
2016-07-15 02:00:00,1332.34,1336.06,1322.41,1332.56,96276
2016-07-18 00:00:00,1334.11,1334.52,1323.59,1328.53,20984
2016-07-18 01:00:00,1328.4,1330.48,1325.06,1326.66,40609
2016-07-18 02:00:00,1327.88,1335.36,1323.38,1329.35,82980
2016-07-19 00:00:00,1328.15,1331.72,1325.45,1330.1,26030
2016-07-19 01:00:00,1328.81,1334.89,1326.63,1332.72,49901
2016-07-19 02:00:00,1332.15,1333.79,1327.72,1332.44,78942
2016-07-20 00:00:00,1332.17,1338.25,1330.42,1332.44,30906
2016-07-20 01:00:00,1333.16,1333.64,1324.17,1325.5,46097
2016-07-20 02:00:00,1325.8,1325.83,1312.53,1314.32,71798
2016-07-21 00:00:00,1313.87,1315.28,1310.77,1314.58,21670
2016-07-21 01:00:00,1314.77,1323.43,1314.06,1321.81,43630
2016-07-21 02:00:00,1322.02,1333.79,1314.51,1331.24,87058
2016-07-22 00:00:00,1330.84,1333.75,1324.29,1327.94,29693
2016-07-22 01:00:00,1326.63,1329.35,1321.48,1322.1,40794
2016-07-22 02:00:00,1325.99,1326.65,1319.58,1323.08,65563
2016-07-25 00:00:00,1321.77,1323.69,1313.46,1317.17,21807
2016-07-25 01:00:00,1316.97,1319.22,1314.17,1318.67,25058
2016-07-25 02:00:00,1316.5,1322.12,1312.25,1315.64,59571
2016-07-26 00:00:00,1315.22,1322.44,1313.76,1319.95,25514
2016-07-26 01:00:00,1315.75,1324.46,1315.02,1320.63,33142
2016-07-26 02:00:00,1321.78,1322.38,1317.44,1320.09,51826
2016-07-27 00:00:00,1319.27,1320.06,1315.67,1319.21,25028
2016-07-27 01:00:00,1317.82,1321.31,1317.41,1320.49,28753
2016-07-27 02:00:00,1320.09,1342.32,1318.98,1340.95,79015
2016-07-28 00:00:00,1338.41,1340.73,1336.34,1337.35,24694
2016-07-28 01:00:00,1337.59,1342.94,1337.14,1339.96,34450
2016-07-28 02:00:00,1340.12,1345.52,1332.36,1335.81,74790
2016-07-29 00:00:00,1335.37,1343.67,1328.27,1341.37,32771
2016-07-29 01:00:00,1340.3,1341.73,1330.11,1333.54,44659
2016-07-29 02:00:00,1333.72,1354.9,1333.26,1351.28,88877
2016-08-01 00:00:00,1350.61,1351.57,1346.17,1350.24,25620
2016-08-01 01:00:00,1349.98,1350.9,1346.54,1347.96,30069
2016-08-01 02:00:00,1349.32,1354.77,1346.24,1353.69,58444
2016-08-02 00:00:00,1353.03,1354.15,1347.01,1349.55,21995
2016-08-02 01:00:00,1349.16,1360.69,1348.81,1359.4,43187
2016-08-02 02:00:00,1359.82,1367.21,1356.39,1363.93,63893
2016-08-03 00:00:00,1363.17,1366.17,1361.7,1364.61,21015
2016-08-03 01:00:00,1364.14,1365.61,1362.53,1363.57,29980
2016-08-03 02:00:00,1363.56,1366.33,1354.07,1357.67,66591
2016-08-04 00:00:00,1357.65,1359.09,1349.79,1351.28,30425
2016-08-04 01:00:00,1351.81,1353.65,1349.05,1351.65,30273
2016-08-04 02:00:00,1350.94,1364.93,1350.66,1360.61,65027
2016-08-05 00:00:00,1360.97,1362.54,1358.85,1362.21,20168
2016-08-05 01:00:00,1361.15,1364.59,1360.96,1361.29,24933
2016-08-05 02:00:00,1361.59,1362.43,1337.169058674005,1336.47,76286
2016-08-08 00:00:00,1335.7428201238206,1338.12,1331.29,1336.82,31117
2016-08-08 01:00:00,1336.89,1338.2,1329.77,1331.5,32731
2016-08-08 02:00:00,1331.02,1337.98,1330.38,1335.17,56240
2016-08-09 00:00:00,1334.94,1337.03,1333.24,1334.37,16519
2016-08-09 01:00:00,1334.94,1335.12,1330.42,1333.72,26386
2016-08-09 02:00:00,1333.68,1342.51,1330.84,1339.73,63065
2016-08-10 00:00:00,1339.96,1352.02,1339.87,1351.5,30851
2016-08-10 01:00:00,1350.14,1355.16,1349.73,1352.62,37042
2016-08-10 02:00:00,1352.22,1357.11,1342.63,1346.3,67790
2016-08-11 00:00:00,1346.97,1347.92,1341.51,1342.84,22862
2016-08-11 01:00:00,1342.29,1347.19,1340.02,1343.21,30124
2016-08-11 02:00:00,1344.84,1353.22,1335.68,1337.98,61014
2016-08-12 00:00:00,1338.02,1341.17,1334.7,1339.19,20354
2016-08-12 01:00:00,1340.29,1340.83,1335.35,1338.07,24172
2016-08-12 02:00:00,1336.66,1356.27,1333.08,1336.65,84274
2016-08-15 00:00:00,1337.13,1339.76,1336.13,1338.35,19610
2016-08-15 01:00:00,1338.87,1342.11,1337.79,1340.22,21339
2016-08-15 02:00:00,1339.1,1343.73,1335.7,1339.14,47022
2016-08-16 00:00:00,1339.6,1346.93,1339.24,1346.2,20005
2016-08-16 01:00:00,1345.81,1352.94,1344.72,1351.59,24951
2016-08-16 02:00:00,1351.51,1357.94,1341.05,1346.21,77486
2016-08-17 00:00:00,1345.52,1347.79,1343.85,1344.81,18906
2016-08-17 01:00:00,1344.21,1346.24,1340.77,1342.23,33304
2016-08-17 02:00:00,1342.42,1351.57,1335.57,1348.32,62392
2016-08-18 00:00:00,1349.59,1355.95,1348.88,1352.36,31312
2016-08-18 01:00:00,1353.64,1353.78,1345.98,1348.92,33619
2016-08-18 02:00:00,1349.61,1353.36,1347.37,1351.91,59510
2016-08-19 00:00:00,1352.11,1352.71,1345.61,1347.24,23270
2016-08-19 01:00:00,1346.99,1351.1,1344.44,1345.71,33415
2016-08-19 02:00:00,1345.23,1347.89,1337.71,1340.25,52115
2016-08-22 00:00:00,1338.34,1339.82,1331.66,1333.92,48845
2016-08-22 01:00:00,1333.71,1336.2,1332.13,1335.39,29742
2016-08-22 02:00:00,1333.93,1339.95,1333.83,1338.43,55756
2016-08-23 00:00:00,1338.84,1339.66,1335.19,1337.22,28066
2016-08-23 01:00:00,1336.29,1343.52,1335.81,1338.67,30482
2016-08-23 02:00:00,1339.52,1344.58,1337.22,1338.46,50391
2016-08-24 00:00:00,1337.75,1339.36,1336.28,1336.7,19510
2016-08-24 01:00:00,1337.84,1339.99,1335.46,1337.83,25446
2016-08-24 02:00:00,1337.03,1338.97,1323.65,1324.67,61689
2016-08-25 00:00:00,1325.32,1326.71,1323.21,1325.95,20172
2016-08-25 01:00:00,1325.76,1326.98,1322.64,1323.62,21114
2016-08-25 02:00:00,1323.43,1324.87,1317.93,1322.07,50592
2016-08-26 00:00:00,1321.86,1324.38,1320.44,1323.73,16301
2016-08-26 01:00:00,1323.8,1326.72,1323.43,1326.47,20179
2016-08-26 02:00:00,1325.98,1342.12,1318.29,1321.28,85822
2016-08-29 00:00:00,1319.53,1321.38,1314.87,1316.96,30998
2016-08-29 01:00:00,1317.77,1320.35,1316.62,1319.21,21854
2016-08-29 02:00:00,1318.34,1324.99,1316.7,1322.52,55502
2016-08-30 00:00:00,1323.31,1325.34,1322.02,1323.65,22326
2016-08-30 01:00:00,1323.49,1323.96,1318.41,1319.18,26925
2016-08-30 02:00:00,1319.84,1321.73,1309.18,1311.2,56300
2016-08-31 00:00:00,1311.35,1315.4,1310.21,1314.9,20717
2016-08-31 01:00:00,1314.68,1315.99,1311.96,1313.96,25133
2016-08-31 02:00:00,1313.97,1314.56,1304.16,1308.93,60417
2016-09-01 00:00:00,1309.79,1311.53,1305.34,1309.22,15305
2016-09-01 01:00:00,1309.78,1309.87,1304.26,1306.25,21262
2016-09-01 02:00:00,1306.02,1315.01,1302.41,1313.37,65660
2016-09-02 00:00:00,1313.77,1315.95,1312.55,1314.12,19854
2016-09-02 01:00:00,1313.19,1314.59,1309.64,1312.03,19099
2016-09-02 02:00:00,1312.09,1329.99,1303.19,1325.22,68914
2016-09-05 00:00:00,1324.73,1324.92,1321.68,1323.95,21078
2016-09-05 01:00:00,1324.35,1328.5,1323.4,1326.64,22300
2016-09-05 02:00:00,1328.22,1328.38,1324.72,1326.81,18576
2016-09-06 00:00:00,1326.2,1328.39,1324.73,1327.26,18322
2016-09-06 01:00:00,1327.62,1332.71,1325.84,1332.63,22736
2016-09-06 02:00:00,1330.65,1352.45,1330.61,1349.5,72035
2016-09-07 00:00:00,1348.18,1352.51,1347.25,1351.83,20956
2016-09-07 01:00:00,1351.6,1352.32,1347.04,1347.73,24693
2016-09-07 02:00:00,1347.44,1351.36,1342.62,1344.86,51871
2016-09-08 00:00:00,1345.04,1347.42,1341.74,1347.39,16057
2016-09-08 01:00:00,1345.97,1349.28,1344.02,1348.76,22034
2016-09-08 02:00:00,1347.76,1348.8,1335.49,1337.48,71761
2016-09-09 00:00:00,1338.24,1339.46,1336.2,1338.86,17394
2016-09-09 01:00:00,1338.46,1339.46,1334.62,1335.88,22446
2016-09-09 02:00:00,1335.97,1337.88,1328.1,1328.85,62787
2016-09-12 00:00:00,1328.49,1329.83,1324.77,1328.45,20434
2016-09-12 01:00:00,1327.66,1330.04,1323.59,1324.65,28625
2016-09-12 02:00:00,1327.28,1330.14,1320.3,1326.97,76951
2016-09-13 00:00:00,1327.41,1331.88,1327.11,1329.44,27123
2016-09-13 01:00:00,1330.32,1330.98,1327.1,1328.31,32999
2016-09-13 02:00:00,1328.71,1329.04,1315.51,1318.04,71416
2016-09-14 00:00:00,1318.84,1322.37,1313.29,1320.07,21427
2016-09-14 01:00:00,1320.04,1324.07,1319.19,1323.04,33125
2016-09-14 02:00:00,1322.99,1325.85,1319.43,1322.58,62398
2016-09-15 00:00:00,1322.67,1325.57,1321.68,1321.87,17713
2016-09-15 01:00:00,1322.76,1323.01,1318.38,1321.07,26823
2016-09-15 02:00:00,1321.37,1327.95,1309.19,1312.87,81069
2016-09-16 00:00:00,1315.24,1317.98,1312.93,1313.03,14212
2016-09-16 01:00:00,1313.92,1316.13,1312.22,1313.25,17654
2016-09-16 02:00:00,1312.76,1314.57,1306.14,1310.2,63176
2016-09-19 00:00:00,1309.83,1316.95,1309.32,1315.0,21682
2016-09-19 01:00:00,1314.63,1318.27,1313.03,1313.46,24097
2016-09-19 02:00:00,1314.37,1316.65,1312.01,1313.18,39295
2016-09-20 00:00:00,1313.18,1316.49,1313.01,1315.76,14700
2016-09-20 01:00:00,1315.44,1317.8,1314.23,1314.64,20369
2016-09-20 02:00:00,1314.95,1316.32,1311.94,1314.71,38129
2016-09-21 00:00:00,1314.81,1319.89,1313.94,1314.85,15992
2016-09-21 01:00:00,1315.25,1322.47,1307.78,1320.05,42754
2016-09-21 02:00:00,1320.72,1335.06,1319.79,1333.27,75306
2016-09-22 00:00:00,1333.89,1334.71,1331.29,1333.13,17151
2016-09-22 01:00:00,1332.74,1334.29,1331.1,1332.84,20116
2016-09-22 02:00:00,1332.42,1343.55,1332.06,1337.18,58158
2016-09-23 00:00:00,1337.43,1337.98,1333.73,1333.92,17336
2016-09-23 01:00:00,1334.37,1338.34,1333.73,1337.73,20567
2016-09-23 02:00:00,1336.42,1340.56,1335.48,1337.23,38426
2016-09-26 00:00:00,1336.59,1339.79,1332.61,1333.24,20238
2016-09-26 01:00:00,1334.05,1338.35,1332.81,1338.25,32885
2016-09-26 02:00:00,1336.43,1342.02,1335.67,1337.41,66127
2016-09-27 00:00:00,1338.21,1339.42,1334.29,1334.68,28146
2016-09-27 01:00:00,1334.78,1337.8,1333.6,1337.02,33047
2016-09-27 02:00:00,1336.78,1337.56,1324.63,1327.29,57452
2016-09-28 00:00:00,1326.78,1327.45,1324.86,1324.92,13957
2016-09-28 01:00:00,1325.37,1326.57,1322.34,1325.22,17910
2016-09-28 02:00:00,1324.78,1326.87,1317.92,1322.33,50317
2016-09-29 00:00:00,1321.69,1325.71,1321.2,1324.34,26847
2016-09-29 01:00:00,1324.47,1324.96,1320.09,1321.26,29300
2016-09-29 02:00:00,1321.5,1324.26,1315.94,1320.19,72936
2016-09-30 00:00:00,1321.27,1324.62,1319.5,1322.36,31331
2016-09-30 01:00:00,1322.17,1327.7,1321.79,1326.13,39905
2016-09-30 02:00:00,1326.39,1327.97,1313.13,1317.46,79242
2016-10-03 00:00:00,1317.19,1319.52,1314.22,1314.62,21418
2016-10-03 01:00:00,1315.54,1318.07,1313.97,1317.45,32107
2016-10-03 02:00:00,1317.35,1318.21,1309.28,1312.54,57172
2016-10-04 00:00:00,1311.76,1312.97,1307.9,1310.69,24394
2016-10-04 01:00:00,1310.38,1312.12,1306.79,1308.14,31707
2016-10-04 02:00:00,1308.29,1310.43,1270.938528920612,1273.0480162703154,86466
2016-10-05 00:00:00,1272.3956084858642,1278.5394689366906,1266.43,1273.55,24360
2016-10-05 01:00:00,1274.24,1275.03,1270.45,1273.51,31627
2016-10-05 02:00:00,1273.91,1277.05,1262.05,1267.22,64695
2016-10-06 00:00:00,1267.7,1269.32,1264.69,1264.79,19772
2016-10-06 01:00:00,1265.59,1266.8,1262.97,1266.6,29804
2016-10-06 02:00:00,1265.96,1268.04,1249.75,1253.8,65388
2016-10-07 00:00:00,1255.2,1259.55,1250.31,1253.6,17042
2016-10-07 01:00:00,1253.88,1257.43,1251.14,1256.66,24613
2016-10-07 02:00:00,1256.33,1265.28,1241.3,1255.67,80782
2016-10-10 00:00:00,1257.4,1264.12,1256.55,1262.29,21997
2016-10-10 01:00:00,1262.28,1264.85,1261.39,1262.18,21773
2016-10-10 02:00:00,1262.48,1262.66,1257.21,1259.45,32696
2016-10-11 00:00:00,1259.29,1260.07,1255.5,1258.6,14855
2016-10-11 01:00:00,1258.81,1262.15,1254.52,1254.88,28495
2016-10-11 02:00:00,1256.64,1259.53,1252.55,1252.86,58504
2016-10-12 00:00:00,1253.15,1257.76,1252.82,1256.87,18814
2016-10-12 01:00:00,1257.28,1257.55,1253.5,1255.67,25994
2016-10-12 02:00:00,1255.68,1258.82,1249.69,1254.39,57209
2016-10-13 00:00:00,1255.59,1261.74,1253.03,1260.2,23080
2016-10-13 01:00:00,1260.33,1261.3,1256.68,1259.39,30696
2016-10-13 02:00:00,1258.83,1262.23,1254.52,1257.72,59651
2016-10-14 00:00:00,1258.03,1258.95,1255.18,1255.61,23099
2016-10-14 01:00:00,1255.97,1256.92,1252.07,1253.01,24841
2016-10-14 02:00:00,1252.57,1259.33,1246.03,1251.84,72741
2016-10-17 00:00:00,1251.17,1254.59,1250.03,1253.61,22584
2016-10-17 01:00:00,1253.51,1256.01,1250.41,1252.43,30553
2016-10-17 02:00:00,1253.79,1257.11,1252.19,1254.62,54794
2016-10-18 00:00:00,1255.23,1260.77,1254.92,1258.72,20653
2016-10-18 01:00:00,1258.61,1263.57,1257.74,1261.61,29881
2016-10-18 02:00:00,1262.24,1264.61,1256.22,1262.08,54137
2016-10-19 00:00:00,1262.7,1264.58,1261.45,1261.55,16264
2016-10-19 01:00:00,1262.96,1271.22,1260.17,1269.76,31973
2016-10-19 02:00:00,1270.35,1273.23,1267.47,1269.03,51726
2016-10-20 00:00:00,1269.27,1272.97,1268.14,1271.94,19481
2016-10-20 01:00:00,1272.27,1272.37,1267.8,1269.42,23856
2016-10-20 02:00:00,1269.94,1274.52,1264.67,1265.9,53970
2016-10-21 00:00:00,1265.7,1266.31,1261.48,1262.39,17710
2016-10-21 01:00:00,1262.08,1265.36,1261.03,1264.58,22688
2016-10-21 02:00:00,1264.3,1267.93,1263.75,1266.57,40904
2016-10-24 00:00:00,1265.89,1266.85,1262.54,1263.62,17056
2016-10-24 01:00:00,1263.56,1266.84,1263.47,1265.6,21624
2016-10-24 02:00:00,1266.15,1271.81,1260.28,1263.97,47050
2016-10-25 00:00:00,1264.49,1265.5,1262.01,1265.45,20065
2016-10-25 01:00:00,1265.4,1270.49,1265.11,1267.8,26861
2016-10-25 02:00:00,1269.21,1276.51,1266.81,1274.04,60979
2016-10-26 00:00:00,1273.73,1276.37,1273.35,1275.57,15835
2016-10-26 01:00:00,1274.89,1275.85,1271.51,1271.9,21050
2016-10-26 02:00:00,1274.58,1274.69,1264.57,1266.43,16467
2016-10-27 00:00:00,1266.51,1267.37,1264.99,1266.33,25018
2016-10-27 01:00:00,1266.38,1270.6,1265.6,1269.9,26653
2016-10-27 02:00:00,1269.73,1272.69,1265.96,1269.23,56615
2016-10-28 00:00:00,1267.98,1271.79,1267.9,1271.15,17582
2016-10-28 01:00:00,1271.36,1271.64,1265.5,1266.21,27044
2016-10-28 02:00:00,1266.4,1284.07,1261.88,1275.55,77223
2016-10-31 00:00:00,1277.21,1279.41,1276.02,1276.86,26097
2016-10-31 01:00:00,1276.78,1278.07,1272.39,1273.68,23382
2016-10-31 02:00:00,1273.96,1278.77,1271.11,1276.87,53822
2016-11-01 00:00:00,1276.63,1277.78,1275.59,1277.36,16985
2016-11-01 01:00:00,1276.5,1286.36,1276.38,1285.76,27718
2016-11-01 02:00:00,1284.4,1291.8,1284.23,1288.04,66335
2016-11-02 00:00:00,1288.31,1293.0,1287.24,1292.16,23436
2016-11-02 01:00:00,1292.6,1297.26,1290.48,1295.26,30136
2016-11-02 02:00:00,1294.87,1307.96,1293.98,1296.69,75779
2016-11-03 00:00:00,1298.27,1306.7,1296.31,1303.65,24103
2016-11-03 01:00:00,1304.7,1304.86,1286.24,1286.33,33836
2016-11-03 02:00:00,1293.39,1303.51,1285.5,1301.84,67247
2016-11-04 00:00:00,1303.98,1304.22,1297.72,1299.19,19558
2016-11-04 01:00:00,1298.77,1302.68,1294.67,1301.12,29255
2016-11-04 02:00:00,1301.63,1307.09,1295.36,1304.27,57686
2016-11-07 00:00:00,1292.27,1295.77,1287.69,1289.09,28556
2016-11-07 01:00:00,1290.1,1291.21,1283.61,1286.58,33206
2016-11-07 02:00:00,1288.16,1288.93,1278.09,1281.67,64647
2016-11-08 00:00:00,1282.47,1284.03,1280.64,1282.88,18341
2016-11-08 01:00:00,1282.67,1285.05,1282.27,1284.48,22488
2016-11-08 02:00:00,1283.56,1290.57,1272.76,1275.5,83643
2016-11-09 00:00:00,1273.1,1332.3910178982414,1267.91,1319.575190555214,97425
2016-11-09 01:00:00,1325.5784777951462,1337.16,1290.47,1304.28,103549
2016-11-09 02:00:00,1303.78,1310.2212407159295,1270.05,1279.7058076222086,151195
2016-11-10 00:00:00,1281.2979391118058,1288.66,1274.2,1283.05,27159
2016-11-10 01:00:00,1283.27,1292.13,1276.73,1281.18,58823
2016-11-10 02:00:00,1280.19,1283.89,1252.18,1259.18,123670
2016-11-11 00:00:00,1259.14,1265.31,1251.04,1260.33,33654
2016-11-11 01:00:00,1261.91,1264.69,1253.17,1255.76,52174
2016-11-11 02:00:00,1255.66,1261.68,1222.4251659205174,1228.396687091688,92300
2016-11-14 00:00:00,1231.770281148103,1234.2819071518811,1212.62,1212.86,44622
2016-11-14 01:00:00,1216.42,1228.31,1212.62,1224.9,52149
2016-11-14 02:00:00,1226.13,1228.42,1211.44,1221.06,109184
2016-11-15 00:00:00,1221.37,1231.26,1220.21,1225.26,25170
2016-11-15 01:00:00,1224.84,1231.45,1222.37,1226.01,48016
2016-11-15 02:00:00,1225.24,1229.49,1218.77,1227.75,87343
2016-11-16 00:00:00,1228.05,1232.96,1226.1,1229.92,22494
2016-11-16 01:00:00,1229.46,1231.69,1223.85,1224.32,40084
2016-11-16 02:00:00,1226.03,1229.97,1221.39,1224.84,77705
2016-11-17 00:00:00,1225.33,1228.17,1224.73,1226.57,30159
2016-11-17 01:00:00,1225.15,1231.33,1225.09,1229.93,31621
2016-11-17 02:00:00,1230.15,1231.08,1210.95,1216.98,93888
2016-11-18 00:00:00,1216.54,1217.63,1205.48,1208.67,27526
2016-11-18 01:00:00,1208.98,1210.19,1202.74,1208.55,34452
2016-11-18 02:00:00,1208.04,1216.03,1205.77,1208.58,81306
2016-11-21 00:00:00,1207.44,1213.94,1205.47,1211.09,21102
2016-11-21 01:00:00,1210.74,1216.91,1210.69,1215.03,33150
2016-11-21 02:00:00,1214.67,1217.53,1209.21,1213.25,64589
2016-11-22 00:00:00,1213.33,1220.95,1213.33,1217.05,27781
2016-11-22 01:00:00,1217.23,1219.23,1213.45,1217.12,30565
2016-11-22 02:00:00,1216.69,1217.89,1206.04,1212.29,61275
2016-11-23 00:00:00,1213.11,1214.87,1212.18,1213.45,11093
2016-11-23 01:00:00,1213.46,1214.64,1209.91,1211.66,23939
2016-11-23 02:00:00,1212.15,1212.79,1184.4396197170404,1189.19,97694
2016-11-24 00:00:00,1188.36,1189.93,1182.77,1186.34,21155
2016-11-24 01:00:00,1186.09,1190.8,1180.23,1188.26,34941
2016-11-24 02:00:00,1187.13,1188.99,1181.85,1184.03,21146
2016-11-25 00:00:00,1184.9,1186.67,1170.11,1177.98,25831
2016-11-25 01:00:00,1178.08,1193.14,1177.15,1188.69,45739
2016-11-25 02:00:00,1189.87,1190.74,1178.58,1183.71,47004
2016-11-28 00:00:00,1185.72,1197.53,1184.47,1193.66,36509
2016-11-28 01:00:00,1193.28,1197.07,1188.73,1190.57,48617
2016-11-28 02:00:00,1190.05,1193.89,1182.91,1192.98,74955
2016-11-29 00:00:00,1193.28,1194.94,1188.57,1190.53,31013
2016-11-29 01:00:00,1191.62,1192.73,1185.17,1187.87,33803
2016-11-29 02:00:00,1188.02,1190.46,1180.98,1188.71,83000
2016-11-30 00:00:00,1188.19,1194.83,1187.69,1190.21,28992
2016-11-30 01:00:00,1189.39,1191.06,1184.58,1187.11,33852
2016-11-30 02:00:00,1187.76,1187.76,1170.63,1173.37,101826
2016-12-01 00:00:00,1173.73,1175.72,1162.03,1174.74,32233
2016-12-01 01:00:00,1171.41,1176.6,1166.58,1168.1,42059
2016-12-01 02:00:00,1166.92,1174.67,1160.63,1171.87,87180
2016-12-02 00:00:00,1172.43,1177.83,1171.6,1174.52,23925
2016-12-02 01:00:00,1174.18,1176.61,1169.66,1169.95,29482
2016-12-02 02:00:00,1171.46,1178.04,1166.6,1175.32,75348
2016-12-05 00:00:00,1185.41,1187.93,1171.5,1176.72,50774
2016-12-05 01:00:00,1175.67,1177.76,1162.36,1166.35,51754
2016-12-05 02:00:00,1165.04,1175.85,1157.04,1170.23,93710
2016-12-06 00:00:00,1169.85,1175.24,1169.17,1172.5,18818
2016-12-06 01:00:00,1171.96,1174.2,1169.4,1171.2,38209
2016-12-06 02:00:00,1171.15,1175.16,1166.68,1169.45,64919
2016-12-07 00:00:00,1169.38,1169.89,1166.5,1167.07,16000
2016-12-07 01:00:00,1167.87,1172.51,1165.51,1171.57,27493
2016-12-07 02:00:00,1171.38,1180.17,1170.85,1172.33,71858
2016-12-08 00:00:00,1174.18,1178.57,1173.45,1177.6,19042
2016-12-08 01:00:00,1176.74,1178.19,1173.71,1176.17,27864
2016-12-08 02:00:00,1175.74,1178.54,1169.12,1170.4,82597
2016-12-09 00:00:00,1170.07,1170.61,1165.05,1167.9,17927
2016-12-09 01:00:00,1167.41,1171.96,1167.27,1168.15,29627
2016-12-09 02:00:00,1168.76,1170.06,1156.16,1158.92,63578
2016-12-12 00:00:00,1158.46,1160.12,1154.37,1156.9,21492
2016-12-12 01:00:00,1156.91,1158.78,1151.14,1155.78,29237
2016-12-12 02:00:00,1155.02,1165.72,1154.18,1161.94,72889
2016-12-13 00:00:00,1163.08,1164.87,1161.42,1161.64,24771
2016-12-13 01:00:00,1161.89,1162.63,1157.03,1158.57,33439
2016-12-13 02:00:00,1158.25,1163.99,1154.51,1158.55,71678
2016-12-14 00:00:00,1158.47,1161.17,1157.81,1160.05,18606
2016-12-14 01:00:00,1159.82,1163.55,1159.45,1162.36,28280
2016-12-14 02:00:00,1162.32,1165.09,1139.04,1142.51,104784
2016-12-15 00:00:00,1142.16,1144.28,1134.71,1141.66,28439
2016-12-15 01:00:00,1141.64,1143.01,1127.13,1128.3,49769
2016-12-15 02:00:00,1131.17,1133.05,1122.62,1128.02,77764
2016-12-16 00:00:00,1128.33,1131.49,1126.54,1130.03,11161
2016-12-16 01:00:00,1129.99,1136.08,1129.72,1134.91,18613
2016-12-16 02:00:00,1134.59,1141.16,1127.73,1133.54,50723
2016-12-19 00:00:00,1135.79,1139.66,1134.73,1138.85,14187
2016-12-19 01:00:00,1139.2,1142.24,1136.95,1139.3,16843
2016-12-19 02:00:00,1137.73,1142.23,1136.66,1139.03,63241
2016-12-20 00:00:00,1138.46,1139.73,1135.1,1136.1,14905
2016-12-20 01:00:00,1135.44,1136.3,1131.72,1133.16,21844
2016-12-20 02:00:00,1133.89,1134.18,1125.67,1132.02,56528
2016-12-21 00:00:00,1132.56,1136.65,1129.27,1135.72,13546
2016-12-21 01:00:00,1135.94,1137.03,1132.51,1133.79,22397
2016-12-21 02:00:00,1134.47,1137.01,1129.84,1130.82,47286
2016-12-22 00:00:00,1131.34,1132.56,1128.82,1129.61,16972
2016-12-22 01:00:00,1130.02,1132.32,1128.23,1130.64,17162
2016-12-22 02:00:00,1130.93,1134.03,1127.73,1128.76,41349
2016-12-23 00:00:00,1128.3,1131.66,1127.98,1131.12,7665
2016-12-23 01:00:00,1131.18,1132.23,1130.31,1131.53,12303
2016-12-23 02:00:00,1130.54,1135.72,1126.77,1132.01,19712
2016-12-27 00:00:00,1134.39,1138.07,1131.58,1137.56,10776
2016-12-27 01:00:00,1137.07,1150.69,1136.75,1143.45,14298
2016-12-27 02:00:00,1143.31,1143.61,1135.66,1139.03,34153
2016-12-28 00:00:00,1139.11,1142.59,1138.62,1142.32,10301
2016-12-28 01:00:00,1141.62,1144.41,1136.9,1138.11,20132
2016-12-28 02:00:00,1139.22,1142.72,1136.45,1142.33,39404
2016-12-29 00:00:00,1142.37,1149.73,1141.65,1148.29,23626
2016-12-29 01:00:00,1149.01,1150.16,1145.9,1146.2,24008
2016-12-29 02:00:00,1146.75,1159.4,1144.33,1158.24,31576
2016-12-30 00:00:00,1157.87,1163.15,1157.23,1160.15,16850
2016-12-30 01:00:00,1160.08,1161.91,1158.04,1158.28,20891
2016-12-30 02:00:00,1159.33,1160.45,1147.11,1150.47,37608
2017-01-03 00:00:00,1151.67,1158.7,1149.39,1156.93,21840
2017-01-03 01:00:00,1157.28,1158.63,1145.95,1146.56,33578
2017-01-03 02:00:00,1146.78,1164.35,1145.95,1158.57,81725
2017-01-04 00:00:00,1158.75,1161.59,1156.07,1160.4,27840
2017-01-04 01:00:00,1160.07,1167.83,1159.67,1166.3,36026
2017-01-04 02:00:00,1165.32,1167.81,1160.63,1163.99,71895
2017-01-05 00:00:00,1163.1,1176.05,1162.87,1175.86,32536
2017-01-05 01:00:00,1173.45,1179.26,1170.42,1171.6,45528
2017-01-05 02:00:00,1171.22,1184.94,1170.42,1180.15,84049
2017-01-06 00:00:00,1179.64,1181.78,1175.62,1176.15,24793
2017-01-06 01:00:00,1177.5,1179.3,1173.68,1177.84,31358
2017-01-06 02:00:00,1179.05,1182.92,1170.84,1172.24,72961
2017-01-09 00:00:00,1172.87,1176.48,1172.38,1174.49,23820
2017-01-09 01:00:00,1174.47,1179.71,1172.86,1178.93,37178
2017-01-09 02:00:00,1176.67,1186.08,1176.45,1181.7,70492
2017-01-10 00:00:00,1181.87,1187.19,1180.11,1185.18,26646
2017-01-10 01:00:00,1184.72,1187.54,1182.66,1184.25,27972
2017-01-10 02:00:00,1185.36,1190.53,1180.99,1187.94,62036
2017-01-11 00:00:00,1187.53,1189.08,1185.58,1188.5,22370
2017-01-11 01:00:00,1188.04,1191.27,1186.91,1189.01,30862
2017-01-11 02:00:00,1188.27,1198.17,1177.11,1191.81,105167
2017-01-12 00:00:00,1192.25,1198.7,1191.87,1197.44,30898
2017-01-12 01:00:00,1197.21,1206.88,1196.52,1204.38,39988
2017-01-12 02:00:00,1205.14,1206.27,1194.25,1196.23,75512
2017-01-13 00:00:00,1194.36,1196.61,1191.22,1193.43,26041
2017-01-13 01:00:00,1194.32,1198.51,1192.41,1197.52,27476
2017-01-13 02:00:00,1196.53,1201.18,1187.86,1197.86,73404
2017-01-16 00:00:00,1198.74,1205.08,1198.07,1203.7,30571
2017-01-16 01:00:00,1203.36,1208.48,1201.12,1202.74,31111
2017-01-16 02:00:00,1202.02,1204.52,1201.73,1202.5,20327
2017-01-17 00:00:00,1202.95,1208.09,1202.77,1207.59,25458
2017-01-17 01:00:00,1206.55,1218.71,1206.54,1217.5,43878
2017-01-17 02:00:00,1216.96,1218.77,1210.54,1215.65,79335
2017-01-18 00:00:00,1216.48,1217.41,1212.32,1212.58,21831
2017-01-18 01:00:00,1214.84,1215.02,1210.03,1211.91,35994
2017-01-18 02:00:00,1212.13,1216.46,1202.35,1204.17,60356
2017-01-19 00:00:00,1204.57,1205.12,1197.54,1202.07,36610
2017-01-19 01:00:00,1203.25,1205.99,1198.17,1202.99,39513
2017-01-19 02:00:00,1202.51,1206.41,1195.79,1204.83,84324
2017-01-20 00:00:00,1204.6,1208.32,1202.47,1207.05,25089
2017-01-20 01:00:00,1207.23,1209.0,1198.53,1199.84,33956
2017-01-20 02:00:00,1199.85,1214.87,1199.08,1207.46,89705
2017-01-23 00:00:00,1210.98,1219.39,1210.69,1214.94,31796
2017-01-23 01:00:00,1214.22,1217.43,1210.4,1212.1,34808
2017-01-23 02:00:00,1213.18,1219.1,1209.19,1216.96,77091
2017-01-24 00:00:00,1219.0,1219.4,1215.26,1216.34,21665
2017-01-24 01:00:00,1215.65,1216.84,1211.59,1212.2,26148
2017-01-24 02:00:00,1212.06,1217.67,1206.52,1209.67,55368
2017-01-25 00:00:00,1209.31,1209.73,1204.63,1204.93,17904
2017-01-25 01:00:00,1205.4,1205.5,1200.9,1204.41,27113
2017-01-25 02:00:00,1204.01,1207.77,1193.22,1200.46,65193
2017-01-26 00:00:00,1200.67,1202.52,1197.72,1198.33,23241
2017-01-26 01:00:00,1198.72,1199.16,1191.61,1192.78,28699
2017-01-26 02:00:00,1192.72,1193.74,1184.31,1188.35,70459
2017-01-27 00:00:00,1189.02,1189.02,1182.96,1183.5,23051
2017-01-27 01:00:00,1183.87,1185.61,1181.21,1185.24,34132
2017-01-27 02:00:00,1183.66,1191.55,1180.48,1190.94,71831
2017-01-30 00:00:00,1192.87,1195.59,1190.98,1193.39,30484
2017-01-30 01:00:00,1193.61,1193.95,1188.2,1190.86,36879
2017-01-30 02:00:00,1191.45,1199.33,1189.75,1195.33,78647
2017-01-31 00:00:00,1195.28,1202.93,1193.65,1201.73,28267
2017-01-31 01:00:00,1201.38,1202.27,1196.12,1197.73,38475
2017-01-31 02:00:00,1198.24,1215.23,1197.36,1210.52,101615
2017-02-01 00:00:00,1210.48,1213.14,1207.92,1207.98,25950
2017-02-01 01:00:00,1208.46,1212.26,1206.83,1210.73,35378
2017-02-01 02:00:00,1211.06,1211.63,1198.1,1208.92,107444
2017-02-02 00:00:00,1208.91,1216.77,1208.26,1215.27,36245
2017-02-02 01:00:00,1214.85,1223.88,1211.73,1220.98,45822
2017-02-02 02:00:00,1222.2,1225.21,1213.57,1216.19,96620
2017-02-03 00:00:00,1214.92,1216.75,1210.89,1213.43,32245
2017-02-03 01:00:00,1213.43,1215.09,1212.48,1213.28,23244
2017-02-03 02:00:00,1213.17,1221.31,1207.0,1219.65,90024
2017-02-06 00:00:00,1222.26,1225.0,1219.11,1223.02,36100
2017-02-06 01:00:00,1222.96,1226.58,1221.48,1225.4,34836
2017-02-06 02:00:00,1222.34,1235.55,1222.26,1235.05,81744
2017-02-07 00:00:00,1234.33,1235.51,1231.39,1233.01,24667
2017-02-07 01:00:00,1232.43,1234.87,1228.47,1228.73,41100
2017-02-07 02:00:00,1230.37,1235.71,1227.68,1233.65,77352
2017-02-08 00:00:00,1233.76,1235.36,1229.99,1232.61,25885
2017-02-08 01:00:00,1232.79,1238.31,1230.58,1236.68,34399
2017-02-08 02:00:00,1236.41,1244.64,1235.84,1241.1,85825
2017-02-09 00:00:00,1240.85,1242.29,1238.71,1240.91,29783
2017-02-09 01:00:00,1241.26,1243.75,1237.53,1238.35,33325
2017-02-09 02:00:00,1241.65,1244.44,1230.21,1230.71,72381
2017-02-10 00:00:00,1228.48,1229.22,1222.16,1224.12,30394
2017-02-10 01:00:00,1223.99,1227.66,1221.57,1226.44,33098
2017-02-10 02:00:00,1226.93,1237.04,1223.85,1233.46,74456
2017-02-13 00:00:00,1230.76,1231.7,1228.67,1229.26,28504
2017-02-13 01:00:00,1229.33,1232.22,1227.85,1230.44,26392
2017-02-13 02:00:00,1230.81,1231.12,1219.26,1225.64,55518
2017-02-14 00:00:00,1225.23,1228.74,1224.8,1227.53,23800
2017-02-14 01:00:00,1228.54,1230.11,1226.31,1229.45,30011
2017-02-14 02:00:00,1228.3,1234.42,1221.84,1228.48,70045
2017-02-15 00:00:00,1228.39,1230.11,1225.02,1225.71,18342
2017-02-15 01:00:00,1225.53,1226.69,1223.64,1225.83,18859
2017-02-15 02:00:00,1226.14,1233.16,1216.64,1232.58,64221
2017-02-16 00:00:00,1233.43,1236.71,1231.99,1234.93,29103
2017-02-16 01:00:00,1234.73,1239.03,1232.07,1235.88,25450
2017-02-16 02:00:00,1236.92,1242.3,1234.97,1239.11,62165
2017-02-17 00:00:00,1238.66,1239.33,1237.24,1238.15,17478
2017-02-17 01:00:00,1238.47,1242.75,1236.43,1241.45,28191
2017-02-17 02:00:00,1241.2,1243.71,1234.5,1235.46,56819
2017-02-20 00:00:00,1235.66,1238.09,1232.7,1234.14,18072
2017-02-20 01:00:00,1234.65,1236.95,1232.73,1236.23,22959
2017-02-20 02:00:00,1235.67,1238.89,1235.57,1237.42,15703
2017-02-21 00:00:00,1237.07,1237.63,1232.39,1233.25,15616
2017-02-21 01:00:00,1233.23,1234.88,1227.95,1230.4,22813
2017-02-21 02:00:00,1229.15,1238.75,1226.04,1235.89,50770
2017-02-22 00:00:00,1235.82,1237.51,1234.03,1235.16,21203
2017-02-22 01:00:00,1235.65,1238.16,1233.5,1237.47,22127
2017-02-22 02:00:00,1237.43,1240.54,1231.14,1238.32,64366
2017-02-23 00:00:00,1236.83,1238.71,1235.82,1237.63,14089
2017-02-23 01:00:00,1237.48,1238.7,1235.69,1238.26,20741
2017-02-23 02:00:00,1237.78,1251.03,1237.11,1248.84,67764
2017-02-24 00:00:00,1249.35,1250.35,1247.68,1249.84,15519
2017-02-24 01:00:00,1249.86,1257.6,1249.37,1257.45,22144
2017-02-24 02:00:00,1256.35,1260.05,1252.18,1256.85,46561
2017-02-27 00:00:00,1256.22,1259.09,1254.93,1256.57,17137
2017-02-27 01:00:00,1256.3,1257.89,1253.3,1255.53,18142
2017-02-27 02:00:00,1256.06,1263.79,1250.91,1252.17,55826
2017-02-28 00:00:00,1252.56,1254.38,1251.73,1253.3,15808
2017-02-28 01:00:00,1253.25,1254.77,1250.19,1253.36,17786
2017-02-28 02:00:00,1251.88,1258.32,1247.58,1248.39,50699
2017-03-01 00:00:00,1248.5,1249.15,1242.43,1243.43,44873
2017-03-01 01:00:00,1242.84,1247.24,1242.52,1244.18,28515
2017-03-01 02:00:00,1245.62,1250.57,1236.86,1249.15,64439
2017-03-02 00:00:00,1248.49,1248.92,1245.65,1246.58,16799
2017-03-02 01:00:00,1246.81,1246.94,1242.13,1242.61,18330
2017-03-02 02:00:00,1243.32,1243.69,1230.93,1234.78,53119
2017-03-03 00:00:00,1234.2,1236.15,1231.41,1233.04,15639
2017-03-03 01:00:00,1233.97,1234.03,1225.45,1226.51,20274
2017-03-03 02:00:00,1227.8,1236.21,1222.84,1234.45,62620
2017-03-06 00:00:00,1233.17,1236.76,1232.72,1233.05,24217
2017-03-06 01:00:00,1233.31,1234.95,1230.82,1231.43,21478
2017-03-06 02:00:00,1232.11,1234.42,1224.81,1225.66,35471
2017-03-07 00:00:00,1225.58,1227.12,1224.01,1224.87,14484
2017-03-07 01:00:00,1224.83,1226.22,1222.16,1224.01,18056
2017-03-07 02:00:00,1224.88,1225.21,1214.12,1215.98,41187
2017-03-08 00:00:00,1215.85,1218.49,1214.8,1217.17,16166
2017-03-08 01:00:00,1217.28,1218.09,1211.36,1213.72,18780
2017-03-08 02:00:00,1212.38,1214.51,1206.59,1207.93,41755
2017-03-09 00:00:00,1208.26,1208.91,1203.83,1205.16,28282
2017-03-09 01:00:00,1204.8,1206.96,1203.13,1205.15,21533
2017-03-09 02:00:00,1204.8,1208.92,1199.17,1199.34,48528
2017-03-10 00:00:00,1200.8,1201.89,1196.8,1197.58,18857
2017-03-10 01:00:00,1197.13,1198.41,1194.91,1196.86,30968
2017-03-10 02:00:00,1196.8,1206.25,1196.15,1204.2,52545
2017-03-13 00:00:00,1206.11,1207.83,1203.71,1207.55,15292
2017-03-13 01:00:00,1207.03,1211.11,1206.51,1206.69,22354
2017-03-13 02:00:00,1208.27,1208.34,1202.39,1203.7,30934
2017-03-14 00:00:00,1202.07,1204.92,1201.71,1203.43,21270
2017-03-14 01:00:00,1203.01,1205.38,1200.51,1205.04,17724
2017-03-14 02:00:00,1203.23,1207.53,1197.23,1198.47,37862
2017-03-15 00:00:00,1199.11,1203.9,1198.83,1202.51,11672
2017-03-15 01:00:00,1202.4,1205.23,1200.97,1201.46,17898
2017-03-15 02:00:00,1201.21,1221.97,1197.47,1218.59,58612
2017-03-16 00:00:00,1218.88,1225.66,1218.54,1224.92,19391
2017-03-16 01:00:00,1224.62,1228.78,1223.36,1225.47,23152
2017-03-16 02:00:00,1224.01,1233.67,1223.55,1226.01,40710
2017-03-17 00:00:00,1226.43,1227.49,1224.42,1226.43,13196
2017-03-17 01:00:00,1226.43,1230.33,1225.64,1229.04,21567
2017-03-17 02:00:00,1228.98,1231.6,1227.7,1229.25,33264
2017-03-20 00:00:00,1230.53,1235.02,1229.29,1234.65,12883
2017-03-20 01:00:00,1234.66,1235.45,1231.28,1232.0,17255
2017-03-20 02:00:00,1233.19,1234.87,1230.03,1234.12,28299
2017-03-21 00:00:00,1234.42,1235.23,1226.82,1227.92,16190
2017-03-21 01:00:00,1228.64,1233.56,1227.64,1233.31,18256
2017-03-21 02:00:00,1232.05,1247.53,1231.38,1244.85,49711
2017-03-22 00:00:00,1245.36,1246.43,1243.89,1244.99,19262
2017-03-22 01:00:00,1244.87,1249.01,1244.55,1244.82,28863
2017-03-22 02:00:00,1245.35,1251.23,1244.53,1248.78,45545
2017-03-23 00:00:00,1247.43,1247.77,1244.25,1246.29,12886
2017-03-23 01:00:00,1246.83,1248.6,1245.48,1247.9,18411
2017-03-23 02:00:00,1247.65,1253.22,1242.71,1245.37,56413
2017-03-24 00:00:00,1244.78,1246.56,1242.52,1243.54,14397
2017-03-24 01:00:00,1243.8,1245.51,1240.92,1245.13,19519
2017-03-24 02:00:00,1244.2,1251.77,1243.35,1245.57,42842
2017-03-27 00:00:00,1248.09,1258.0,1248.04,1256.46,22224
2017-03-27 01:00:00,1256.43,1259.11,1255.9,1257.04,20202
2017-03-27 02:00:00,1257.78,1260.97,1252.42,1254.66,41746
2017-03-28 00:00:00,1253.61,1255.43,1252.58,1254.74,13932
2017-03-28 01:00:00,1253.98,1254.82,1251.12,1253.56,18451
2017-03-28 02:00:00,1252.98,1258.33,1247.61,1251.24,49067
2017-03-29 00:00:00,1250.94,1252.05,1247.25,1248.27,14201
2017-03-29 01:00:00,1248.5,1253.32,1248.21,1252.03,19032
2017-03-29 02:00:00,1251.73,1254.57,1250.37,1252.64,46510
2017-03-30 00:00:00,1252.74,1253.74,1248.23,1250.02,12881
2017-03-30 01:00:00,1249.71,1251.44,1248.82,1250.55,16218
2017-03-30 02:00:00,1249.54,1251.08,1243.05,1243.55,40671
2017-03-31 00:00:00,1243.57,1244.28,1239.61,1241.99,16904
2017-03-31 01:00:00,1241.16,1243.42,1241.06,1242.03,17409
2017-03-31 02:00:00,1242.07,1250.5,1240.13,1247.86,37230
2017-04-03 00:00:00,1247.94,1249.82,1247.45,1248.09,12969
2017-04-03 01:00:00,1248.67,1248.78,1244.5,1245.4,16008
2017-04-03 02:00:00,1246.23,1253.62,1244.41,1252.3,36895
2017-04-04 00:00:00,1254.15,1257.03,1254.15,1255.94,12950
2017-04-04 01:00:00,1255.6,1260.0,1255.43,1259.38,16935
2017-04-04 02:00:00,1258.59,1261.22,1253.95,1256.31,37295
2017-04-05 00:00:00,1255.73,1256.44,1253.44,1255.1,14678
2017-04-05 01:00:00,1255.15,1257.24,1251.95,1253.02,15376
2017-04-05 02:00:00,1252.5,1256.96,1243.65,1255.76,57391
2017-04-06 00:00:00,1255.76,1258.82,1252.83,1253.29,18608
2017-04-06 01:00:00,1253.9,1255.32,1252.71,1253.43,18495
2017-04-06 02:00:00,1253.51,1254.16,1249.72,1251.95,38986
2017-04-07 00:00:00,1251.71,1269.32,1250.52,1263.03,40696
2017-04-07 01:00:00,1263.01,1266.01,1261.83,1264.72,22409
2017-04-07 02:00:00,1264.54,1270.83,1251.34,1255.17,66140
2017-04-10 00:00:00,1254.6,1255.79,1251.78,1252.93,16316
2017-04-10 01:00:00,1253.38,1255.17,1252.63,1252.78,15271
2017-04-10 02:00:00,1253.89,1257.01,1247.08,1254.14,44209
2017-04-11 00:00:00,1255.08,1257.06,1253.0,1256.14,15448
2017-04-11 01:00:00,1255.6,1258.72,1255.52,1257.26,16359
2017-04-11 02:00:00,1256.85,1275.06,1256.55,1273.61,60108
2017-04-12 00:00:00,1273.74,1279.72,1273.28,1275.39,22374
2017-04-12 01:00:00,1275.1,1276.11,1272.37,1274.13,17361
2017-04-12 02:00:00,1273.27,1285.33,1271.82,1283.69,53875
2017-04-13 00:00:00,1285.1,1287.89,1284.6,1285.99,19028
2017-04-13 01:00:00,1285.65,1288.54,1283.8,1287.37,18224
2017-04-13 02:00:00,1287.81,1288.54,1281.78,1287.14,44929
2017-04-17 00:00:00,1291.28,1295.45,1290.34,1290.72,17526
2017-04-17 01:00:00,1290.88,1291.99,1286.66,1289.82,11991
2017-04-17 02:00:00,1289.68,1292.68,1281.31,1284.15,38064
2017-04-18 00:00:00,1284.47,1285.56,1281.84,1282.85,15605
2017-04-18 01:00:00,1283.46,1287.26,1281.36,1286.22,16708
2017-04-18 02:00:00,1286.4,1292.24,1278.9,1289.4,53421
2017-04-19 00:00:00,1289.49,1290.61,1286.16,1286.94,13636
2017-04-19 01:00:00,1286.42,1287.17,1280.83,1282.91,16880
2017-04-19 02:00:00,1281.63,1285.92,1273.98,1279.7,49486
2017-04-20 00:00:00,1279.44,1281.03,1278.07,1279.03,14078
2017-04-20 01:00:00,1278.85,1282.08,1277.11,1278.6,19922
2017-04-20 02:00:00,1278.85,1283.36,1276.58,1281.47,48356
2017-04-21 00:00:00,1281.47,1282.23,1279.2,1279.76,11829
2017-04-21 01:00:00,1279.96,1281.79,1278.42,1281.52,18096
2017-04-21 02:00:00,1280.86,1288.18,1279.01,1284.81,56849
2017-04-24 00:00:00,1268.39,1277.34,1265.4,1275.85,22946
2017-04-24 01:00:00,1275.51,1276.37,1269.19,1271.34,23751
2017-04-24 02:00:00,1271.63,1276.62,1266.61,1275.48,45012
2017-04-25 00:00:00,1275.49,1278.05,1272.95,1273.35,16885
2017-04-25 01:00:00,1274.07,1274.17,1269.44,1271.55,18656
2017-04-25 02:00:00,1271.03,1271.65,1261.56,1263.21,42608
2017-04-26 00:00:00,1263.39,1264.94,1261.22,1264.36,14148
2017-04-26 01:00:00,1264.44,1266.38,1262.75,1264.72,16364
2017-04-26 02:00:00,1264.08,1270.54,1260.0,1269.23,54264
2017-04-27 00:00:00,1268.83,1269.49,1265.71,1266.88,15476
2017-04-27 01:00:00,1266.83,1267.49,1263.03,1264.42,17049
2017-04-27 02:00:00,1264.46,1267.06,1261.12,1264.42,42860
2017-04-28 00:00:00,1263.98,1265.86,1262.95,1265.4,13779
2017-04-28 01:00:00,1265.07,1267.5,1264.64,1266.52,14180
2017-04-28 02:00:00,1266.33,1268.46,1264.08,1268.3,34007
2017-05-01 00:00:00,1268.56,1271.15,1261.73,1263.08,11523
2017-05-01 01:00:00,1263.4,1263.7,1261.66,1263.04,7226
2017-05-01 02:00:00,1262.84,1268.42,1254.15,1256.75,35609
2017-05-02 00:00:00,1255.78,1257.7,1255.38,1256.78,13287
2017-05-02 01:00:00,1256.9,1257.25,1253.72,1255.02,15204
2017-05-02 02:00:00,1255.6,1256.98,1251.92,1256.77,32120
2017-05-03 00:00:00,1256.23,1256.87,1255.48,1256.03,8783
2017-05-03 01:00:00,1256.14,1256.28,1252.55,1253.46,12012
2017-05-03 02:00:00,1253.88,1255.31,1235.81,1238.32,50255
2017-05-04 00:00:00,1237.87,1241.22,1237.29,1239.35,11849
2017-05-04 01:00:00,1239.95,1240.19,1233.0,1235.11,18118
2017-05-04 02:00:00,1235.13,1235.23,1225.68,1228.7,48111
2017-05-05 00:00:00,1228.61,1232.36,1226.75,1231.6,13524
2017-05-05 01:00:00,1228.67,1235.51,1228.33,1234.52,28315
2017-05-05 02:00:00,1234.43,1234.64,1226.01,1228.64,44436
2017-05-08 00:00:00,1224.98,1234.63,1224.98,1230.42,18416
2017-05-08 01:00:00,1230.38,1236.5,1228.81,1235.08,16794
2017-05-08 02:00:00,1232.93,1236.5,1226.06,1226.65,35552
2017-05-09 00:00:00,1226.4,1228.54,1226.32,1227.73,12508
2017-05-09 01:00:00,1227.99,1228.32,1223.77,1224.82,15489
2017-05-09 02:00:00,1225.04,1226.42,1214.23,1221.39,41131
2017-05-10 00:00:00,1220.91,1224.53,1220.66,1223.07,14785
2017-05-10 01:00:00,1222.38,1225.25,1220.64,1223.3,15513
2017-05-10 02:00:00,1223.41,1225.58,1217.51,1219.22,35034
2017-05-11 00:00:00,1219.1,1221.12,1216.92,1219.32,13650
2017-05-11 01:00:00,1219.49,1222.82,1219.0,1222.48,12729
2017-05-11 02:00:00,1221.42,1227.65,1220.1,1224.73,38921
2017-05-12 00:00:00,1225.34,1226.96,1224.36,1226.21,12702
2017-05-12 01:00:00,1226.71,1229.87,1226.0,1228.46,14761
2017-05-12 02:00:00,1229.19,1231.69,1226.49,1228.37,34446
2017-05-15 00:00:00,1229.93,1230.64,1226.9,1230.39,11859
2017-05-15 01:00:00,1229.89,1233.0,1228.7,1231.98,14697
2017-05-15 02:00:00,1232.22,1237.27,1229.51,1230.41,34253
2017-05-16 00:00:00,1231.09,1235.18,1230.23,1233.39,13601
2017-05-16 01:00:00,1233.81,1235.5,1232.69,1234.35,14831
2017-05-16 02:00:00,1234.7,1239.05,1233.45,1236.99,33177
2017-05-17 00:00:00,1236.57,1244.92,1236.39,1243.28,22186
2017-05-17 01:00:00,1243.67,1248.77,1241.02,1246.54,18265
2017-05-17 02:00:00,1245.72,1261.12,1245.16,1260.46,63839
2017-05-18 00:00:00,1259.85,1263.07,1257.65,1260.54,21424
2017-05-18 01:00:00,1261.55,1262.58,1253.72,1262.08,28512
2017-05-18 02:00:00,1262.08,1265.0,1245.96,1247.39,76129
2017-05-19 00:00:00,1246.43,1251.09,1246.43,1248.33,13950
2017-05-19 01:00:00,1248.66,1253.15,1247.29,1252.66,18862
2017-05-19 02:00:00,1252.33,1256.33,1249.35,1254.78,44446
2017-05-22 00:00:00,1255.04,1257.52,1251.74,1252.7,13788
2017-05-22 01:00:00,1252.7,1256.58,1252.04,1256.18,16561
2017-05-22 02:00:00,1255.97,1262.48,1255.36,1260.3,31941
2017-05-23 00:00:00,1260.32,1263.72,1259.72,1262.02,14088
2017-05-23 01:00:00,1262.04,1263.04,1258.09,1260.86,21114
2017-05-23 02:00:00,1260.69,1263.18,1250.63,1251.19,45463
2017-05-24 00:00:00,1251.49,1253.71,1250.78,1251.66,13231
2017-05-24 01:00:00,1251.66,1253.14,1247.85,1252.45,18058
2017-05-24 02:00:00,1251.85,1258.87,1249.78,1258.22,44514
2017-05-25 00:00:00,1258.01,1259.52,1256.26,1258.87,14658
2017-05-25 01:00:00,1258.39,1259.58,1256.44,1256.7,19352
2017-05-25 02:00:00,1257.33,1258.6,1253.77,1255.29,39412
2017-05-26 00:00:00,1255.56,1258.16,1253.12,1257.75,13352
2017-05-26 01:00:00,1257.1,1266.89,1257.0,1265.59,20692
2017-05-26 02:00:00,1265.7,1269.39,1264.28,1266.73,39327
2017-05-29 00:00:00,1267.29,1269.1,1265.32,1265.6,10925
2017-05-29 01:00:00,1266.11,1267.81,1265.32,1267.22,9618
2017-05-29 02:00:00,1267.46,1267.81,1264.94,1266.5,9090
2017-05-30 00:00:00,1266.75,1270.41,1265.26,1268.37,12491
2017-05-30 01:00:00,1267.99,1268.76,1261.66,1263.92,15955
2017-05-30 02:00:00,1263.44,1264.65,1259.31,1262.91,30952
2017-05-31 00:00:00,1262.52,1262.84,1259.51,1259.86,11474
2017-05-31 01:00:00,1260.01,1265.19,1259.62,1264.44,12961
2017-05-31 02:00:00,1264.72,1274.08,1263.55,1268.53,38556
2017-06-01 00:00:00,1268.67,1270.24,1266.44,1268.82,11541
2017-06-01 01:00:00,1268.46,1268.93,1265.12,1266.11,15124
2017-06-01 02:00:00,1266.47,1268.79,1261.45,1266.2,35533
2017-06-02 00:00:00,1265.68,1266.11,1258.93,1261.4,11727
2017-06-02 01:00:00,1261.19,1263.83,1259.72,1262.93,14315
2017-06-02 02:00:00,1262.95,1279.05,1261.42,1278.65,45306
2017-06-05 00:00:00,1279.53,1281.94,1278.66,1280.81,13009
2017-06-05 01:00:00,1280.23,1282.02,1279.19,1280.2,12279
2017-06-05 02:00:00,1280.83,1283.34,1277.7,1279.0,25407
2017-06-06 00:00:00,1280.07,1284.96,1279.58,1284.49,12775
2017-06-06 01:00:00,1284.48,1291.38,1284.21,1291.38,17060
2017-06-06 02:00:00,1288.37,1296.01,1288.15,1293.31,38379
2017-06-07 00:00:00,1294.18,1294.37,1290.77,1291.2,12514
2017-06-07 01:00:00,1291.22,1293.57,1290.77,1291.55,17244
2017-06-07 02:00:00,1292.59,1294.19,1282.63,1287.13,42472
2017-06-08 00:00:00,1286.59,1287.25,1283.57,1284.64,10773
2017-06-08 01:00:00,1283.97,1288.85,1283.13,1285.2,16351
2017-06-08 02:00:00,1283.63,1285.69,1271.29,1279.08,50554
2017-06-09 00:00:00,1279.93,1280.67,1273.13,1274.94,18681
2017-06-09 01:00:00,1274.24,1275.95,1271.2,1274.11,18191
2017-06-09 02:00:00,1273.88,1275.11,1264.57,1267.13,41463
2017-06-12 00:00:00,1266.5,1270.01,1266.28,1267.19,16373
2017-06-12 01:00:00,1266.74,1270.26,1265.49,1268.38,16341
2017-06-12 02:00:00,1269.6,1269.85,1263.51,1265.54,40674
2017-06-13 00:00:00,1265.67,1267.03,1262.64,1266.4,11563
2017-06-13 01:00:00,1266.38,1266.7,1261.61,1262.14,13453
2017-06-13 02:00:00,1262.65,1268.87,1259.11,1266.23,34340
2017-06-14 00:00:00,1266.44,1270.0,1266.08,1269.35,10299
2017-06-14 01:00:00,1269.3,1269.7,1266.47,1267.58,12740
2017-06-14 02:00:00,1267.98,1280.85,1257.16,1259.32,71788
2017-06-15 00:00:00,1260.02,1266.64,1259.78,1264.79,16005
2017-06-15 01:00:00,1264.77,1265.08,1256.8,1259.45,19307
2017-06-15 02:00:00,1258.23,1259.79,1251.36,1254.46,43288
2017-06-16 00:00:00,1254.32,1255.01,1251.86,1253.01,11542
2017-06-16 01:00:00,1253.06,1256.76,1251.76,1256.43,13479
2017-06-16 02:00:00,1255.63,1257.07,1253.37,1254.59,32136
2017-06-19 00:00:00,1253.34,1255.58,1251.03,1252.85,12167
2017-06-19 01:00:00,1252.71,1253.13,1249.2,1251.23,13708
2017-06-19 02:00:00,1251.34,1253.29,1243.32,1243.41,33102
2017-06-20 00:00:00,1243.86,1245.82,1242.8,1245.29,14353
2017-06-20 01:00:00,1245.05,1247.6,1244.86,1246.51,14648
2017-06-20 02:00:00,1246.65,1248.04,1241.25,1242.43,32026
2017-06-21 00:00:00,1243.7,1246.84,1243.55,1246.56,11525
2017-06-21 01:00:00,1246.18,1247.76,1244.73,1246.66,18321
2017-06-21 02:00:00,1247.28,1247.76,1240.78,1245.5,34964
2017-06-22 00:00:00,1246.32,1253.83,1246.08,1252.22,15873
2017-06-22 01:00:00,1252.13,1254.68,1250.41,1250.8,14693
2017-06-22 02:00:00,1251.36,1253.98,1246.62,1250.01,40262
2017-06-23 00:00:00,1250.99,1252.33,1249.76,1251.81,10418
2017-06-23 01:00:00,1252.13,1257.79,1251.37,1256.7,14895
2017-06-23 02:00:00,1256.36,1258.8,1254.57,1255.98,27421
2017-06-26 00:00:00,1257.36,1258.03,1253.45,1254.27,12240
2017-06-26 01:00:00,1254.89,1254.98,1236.01,1242.94,20035
2017-06-26 02:00:00,1241.44,1245.99,1236.72,1243.78,35675
2017-06-27 00:00:00,1244.29,1245.49,1241.26,1244.83,10957
2017-06-27 01:00:00,1244.62,1253.06,1244.53,1251.13,18230
2017-06-27 02:00:00,1250.36,1251.94,1245.64,1248.77,37243
2017-06-28 00:00:00,1247.07,1253.38,1247.02,1252.18,17680
2017-06-28 01:00:00,1252.43,1254.41,1249.41,1252.97,22556
2017-06-28 02:00:00,1252.22,1254.76,1247.83,1249.77,40368
2017-06-29 00:00:00,1249.29,1253.11,1248.96,1252.12,18400
2017-06-29 01:00:00,1251.7,1252.92,1243.9,1245.44,20203
2017-06-29 02:00:00,1247.06,1247.42,1239.75,1245.14,47769
2017-06-30 00:00:00,1245.86,1248.15,1243.73,1246.91,20410
2017-06-30 01:00:00,1246.56,1247.3,1241.88,1242.61,21229
2017-06-30 02:00:00,1243.5,1245.17,1239.17,1241.41,42270
2017-07-03 00:00:00,1242.12,1242.63,1236.66,1237.99,15960
2017-07-03 01:00:00,1237.56,1238.18,1233.66,1233.66,16155
2017-07-03 02:00:00,1234.52,1234.85,1219.25,1221.98,42279
2017-07-04 00:00:00,1221.5,1225.19,1220.53,1222.24,15600
2017-07-04 01:00:00,1222.99,1226.46,1221.83,1224.32,17329
2017-07-04 02:00:00,1224.34,1225.54,1222.4,1223.38,13698
2017-07-05 00:00:00,1224.02,1228.76,1223.58,1227.39,13929
2017-07-05 01:00:00,1227.57,1227.88,1217.38,1219.88,18401
2017-07-05 02:00:00,1220.19,1226.68,1217.38,1226.18,39405
2017-07-06 00:00:00,1226.91,1229.09,1223.83,1226.99,15496
2017-07-06 01:00:00,1227.0,1227.14,1223.09,1224.07,18374
2017-07-06 02:00:00,1224.3,1227.36,1222.45,1224.47,37866
2017-07-07 00:00:00,1224.79,1225.68,1219.08,1221.15,15926
2017-07-07 01:00:00,1220.63,1222.5,1219.78,1221.09,13055
2017-07-07 02:00:00,1221.67,1228.33,1207.26,1212.35,43389
2017-07-10 00:00:00,1213.48,1213.74,1210.3,1211.0,12403
2017-07-10 01:00:00,1210.75,1211.56,1204.81,1207.54,17700
2017-07-10 02:00:00,1207.16,1215.5,1207.06,1213.99,29199
2017-07-11 00:00:00,1214.4,1215.99,1211.07,1211.72,11748
2017-07-11 01:00:00,1212.14,1212.44,1209.44,1210.03,13230
2017-07-11 02:00:00,1210.41,1217.35,1208.13,1216.28,34416
2017-07-12 00:00:00,1216.7,1220.33,1216.51,1219.47,13863
2017-07-12 01:00:00,1220.09,1220.48,1217.5,1217.84,14145
2017-07-12 02:00:00,1218.46,1225.67,1213.39,1220.16,41106
2017-07-13 00:00:00,1218.45,1223.85,1218.13,1222.99,11912
2017-07-13 01:00:00,1223.34,1224.36,1221.14,1222.25,14569
2017-07-13 02:00:00,1222.18,1223.03,1216.47,1218.14,32079
2017-07-14 00:00:00,1217.39,1218.53,1214.73,1216.52,12668
2017-07-14 01:00:00,1216.7,1219.63,1216.28,1219.23,12917
2017-07-14 02:00:00,1219.34,1232.77,1218.81,1228.58,38498
2017-07-17 00:00:00,1229.55,1232.23,1228.19,1230.75,11117
2017-07-17 01:00:00,1231.14,1231.58,1229.3,1230.74,12580
2017-07-17 02:00:00,1230.14,1235.95,1229.94,1233.74,29279
2017-07-18 00:00:00,1233.94,1238.21,1232.75,1237.45,12978
2017-07-18 01:00:00,1237.18,1238.79,1235.16,1237.46,14650
2017-07-18 02:00:00,1236.95,1244.51,1236.22,1241.85,42818
2017-07-19 00:00:00,1242.79,1243.38,1240.54,1241.24,10458
2017-07-19 01:00:00,1241.33,1241.57,1235.84,1239.9,15916
2017-07-19 02:00:00,1239.91,1243.95,1239.24,1241.2,31701
2017-07-20 00:00:00,1241.05,1242.46,1237.48,1238.37,12720
2017-07-20 01:00:00,1237.79,1239.94,1236.52,1237.72,14589
2017-07-20 02:00:00,1237.89,1247.5,1235.23,1243.85,46084
2017-07-21 00:00:00,1244.22,1245.76,1243.33,1244.72,13116
2017-07-21 01:00:00,1245.12,1248.33,1244.42,1247.97,16911
2017-07-21 02:00:00,1247.97,1255.63,1246.87,1254.75,40880
2017-07-24 00:00:00,1255.3,1257.08,1253.34,1254.64,18524
2017-07-24 01:00:00,1254.28,1257.81,1251.86,1256.77,17215
2017-07-24 02:00:00,1256.0,1258.74,1253.61,1255.28,28360
2017-07-25 00:00:00,1254.62,1256.4,1252.8,1255.69,17370
2017-07-25 01:00:00,1254.97,1257.68,1249.05,1250.97,19669
2017-07-25 02:00:00,1252.08,1255.08,1249.05,1249.99,36003
2017-07-26 00:00:00,1249.71,1250.58,1246.07,1247.21,19280
2017-07-26 01:00:00,1247.24,1248.2,1243.69,1247.66,16477
2017-07-26 02:00:00,1246.05,1263.46,1245.51,1260.08,56749
2017-07-27 00:00:00,1260.1,1264.85,1259.45,1264.09,20626
2017-07-27 01:00:00,1263.89,1264.33,1260.78,1262.69,21380
2017-07-27 02:00:00,1261.56,1265.17,1254.44,1259.24,62538
2017-07-28 00:00:00,1259.16,1260.82,1257.29,1258.1,15090
2017-07-28 01:00:00,1257.91,1260.45,1257.29,1259.01,18926
2017-07-28 02:00:00,1259.14,1270.76,1258.08,1269.48,54981
2017-07-31 00:00:00,1270.54,1271.04,1266.92,1267.93,16688
2017-07-31 01:00:00,1267.33,1269.28,1265.7,1267.56,16057
2017-07-31 02:00:00,1267.5,1270.21,1266.42,1269.34,30440
2017-08-01 00:00:00,1269.47,1270.53,1266.97,1269.68,17324
2017-08-01 01:00:00,1269.48,1270.66,1264.64,1265.39,17655
2017-08-01 02:00:00,1267.35,1274.04,1262.57,1269.46,42790
2017-08-02 00:00:00,1268.61,1271.0,1264.98,1265.3,15973
2017-08-02 01:00:00,1265.88,1267.7,1264.09,1266.32,15430
2017-08-02 02:00:00,1265.8,1272.75,1262.79,1266.81,37503
2017-08-03 00:00:00,1266.13,1266.84,1256.77,1261.92,18914
2017-08-03 01:00:00,1261.84,1263.64,1259.8,1262.94,15783
2017-08-03 02:00:00,1263.27,1270.75,1261.79,1268.16,38835
2017-08-04 00:00:00,1268.41,1270.05,1267.21,1268.12,14473
2017-08-04 01:00:00,1267.82,1270.1,1267.67,1269.64,15558
2017-08-04 02:00:00,1269.43,1269.83,1254.12,1259.04,40932
2017-08-07 00:00:00,1257.14,1259.01,1256.5,1258.32,16991
2017-08-07 01:00:00,1258.44,1258.58,1255.86,1256.32,15781
2017-08-07 02:00:00,1257.15,1259.82,1255.69,1257.46,25955
2017-08-08 00:00:00,1257.07,1260.87,1256.76,1260.27,13884
2017-08-08 01:00:00,1259.74,1262.68,1259.16,1262.58,12458
2017-08-08 02:00:00,1260.69,1265.12,1251.44,1259.99,45723
2017-08-09 00:00:00,1260.91,1267.14,1260.71,1264.91,19459
2017-08-09 01:00:00,1265.08,1269.04,1264.34,1267.68,21536
2017-08-09 02:00:00,1267.69,1278.64,1266.45,1276.36,53191
2017-08-10 00:00:00,1277.32,1278.02,1274.57,1277.06,15002
2017-08-10 01:00:00,1276.38,1280.48,1276.28,1279.02,17149
2017-08-10 02:00:00,1279.06,1287.76,1278.54,1285.51,55680
2017-08-11 00:00:00,1286.13,1288.87,1283.87,1285.46,18041
2017-08-11 01:00:00,1285.95,1288.91,1283.93,1287.56,20555
2017-08-11 02:00:00,1287.62,1291.93,1281.23,1290.29,47648
2017-08-14 00:00:00,1289.31,1289.43,1285.35,1286.2,14595
2017-08-14 01:00:00,1287.95,1288.08,1280.08,1280.84,18631
2017-08-14 02:00:00,1280.87,1285.5,1278.54,1281.97,40045
2017-08-15 00:00:00,1280.97,1281.87,1273.04,1275.03,16260
2017-08-15 01:00:00,1275.52,1276.1,1272.64,1274.18,16175
2017-08-15 02:00:00,1273.94,1275.01,1267.23,1271.83,39161
2017-08-16 00:00:00,1271.35,1273.93,1271.13,1273.11,11175
2017-08-16 01:00:00,1272.89,1273.52,1269.21,1270.28,16065
2017-08-16 02:00:00,1269.99,1283.75,1267.7,1282.54,47289
2017-08-17 00:00:00,1283.65,1289.3,1282.34,1287.28,17811
2017-08-17 01:00:00,1287.26,1290.08,1283.54,1284.1,23200
2017-08-17 02:00:00,1285.27,1289.54,1281.74,1287.66,54890
2017-08-18 00:00:00,1288.59,1289.26,1285.9,1287.81,13135
2017-08-18 01:00:00,1287.14,1297.84,1286.73,1294.75,23195
2017-08-18 02:00:00,1295.03,1300.74,1283.4,1285.69,67389
2017-08-21 00:00:00,1282.99,1286.49,1280.51,1285.86,13833
2017-08-21 01:00:00,1285.85,1289.11,1284.4,1287.06,16969
2017-08-21 02:00:00,1288.1,1293.68,1286.57,1291.06,40453
2017-08-22 00:00:00,1290.75,1292.49,1287.28,1288.84,12021
2017-08-22 01:00:00,1288.96,1289.13,1282.92,1285.56,17188
2017-08-22 02:00:00,1285.25,1290.93,1281.9,1285.16,36580
2017-08-23 00:00:00,1284.55,1286.66,1282.72,1285.48,11720
2017-08-23 01:00:00,1285.66,1287.27,1284.79,1286.59,14430
2017-08-23 02:00:00,1287.08,1291.42,1286.37,1289.84,38929
2017-08-24 00:00:00,1290.36,1291.1,1287.07,1288.26,12896
2017-08-24 01:00:00,1288.1,1290.09,1284.4,1286.74,16230
2017-08-24 02:00:00,1286.11,1290.08,1284.7,1286.13,42096
2017-08-25 00:00:00,1286.06,1286.98,1285.02,1286.6,10483
2017-08-25 01:00:00,1286.73,1288.35,1285.81,1287.51,14230
2017-08-25 02:00:00,1287.74,1294.52,1276.37,1291.02,57337
2017-08-28 00:00:00,1292.48,1294.76,1291.78,1293.88,13681
2017-08-28 01:00:00,1294.06,1298.55,1293.81,1297.04,14906
2017-08-28 02:00:00,1296.94,1312.03,1296.35,1310.18,40999
2017-08-29 00:00:00,1314.13,1324.36,1313.62,1316.4,26827
2017-08-29 01:00:00,1316.42,1325.94,1315.81,1321.36,33373
2017-08-29 02:00:00,1320.15,1324.13,1304.97,1308.76,59257
2017-08-30 00:00:00,1310.24,1313.41,1307.51,1313.09,15114
2017-08-30 01:00:00,1313.05,1313.31,1306.26,1311.12,20693
2017-08-30 02:00:00,1310.84,1313.68,1305.11,1307.8,46600
2017-08-31 00:00:00,1308.4,1308.85,1298.78,1303.01,14271
2017-08-31 01:00:00,1302.99,1308.11,1302.34,1306.7,21481
2017-08-31 02:00:00,1305.53,1323.53,1304.92,1321.9,54320
2017-09-01 00:00:00,1321.85,1321.87,1318.47,1319.67,12091
2017-09-01 01:00:00,1319.85,1320.1,1317.68,1318.41,15156
2017-09-01 02:00:00,1318.28,1328.76,1316.35,1324.59,60937
2017-09-04 00:00:00,1335.18,1336.74,1331.73,1333.37,19836
2017-09-04 01:00:00,1333.47,1339.72,1332.09,1334.07,21889
2017-09-04 02:00:00,1334.64,1335.91,1332.54,1333.96,17560
2017-09-05 00:00:00,1333.49,1338.51,1332.21,1336.64,18049
2017-09-05 01:00:00,1336.04,1337.47,1329.29,1333.42,23010
2017-09-05 02:00:00,1331.65,1344.25,1326.22,1338.67,64891
2017-09-06 00:00:00,1339.61,1342.39,1337.59,1337.83,14714
2017-09-06 01:00:00,1337.74,1341.83,1336.27,1340.28,20943
2017-09-06 02:00:00,1339.74,1340.88,1331.55,1334.08,53199
2017-09-07 00:00:00,1334.05,1335.83,1332.48,1335.18,15958
2017-09-07 01:00:00,1334.75,1340.12,1333.95,1339.48,22656
2017-09-07 02:00:00,1339.74,1349.42,1337.99,1348.37,64060
2017-09-08 00:00:00,1348.58,1353.85,1347.23,1352.62,18973
2017-09-08 01:00:00,1353.18,1357.42,1350.48,1354.2,31756
2017-09-08 02:00:00,1351.95,1355.33,1342.71,1346.12,52905
2017-09-11 00:00:00,1338.93,1339.96,1334.53,1337.62,19636
2017-09-11 01:00:00,1337.53,1338.96,1334.29,1338.0,22567
2017-09-11 02:00:00,1338.07,1338.43,1326.34,1326.88,41278
2017-09-12 00:00:00,1327.45,1329.06,1324.38,1324.82,14138
2017-09-12 01:00:00,1325.08,1328.46,1323.18,1326.56,32593
2017-09-12 02:00:00,1325.99,1331.8,1322.52,1331.16,78816
2017-09-13 00:00:00,1333.21,1333.22,1329.49,1331.06,19336
2017-09-13 01:00:00,1331.59,1333.96,1329.32,1332.6,24833
2017-09-13 02:00:00,1332.73,1334.59,1320.77,1322.16,47075
2017-09-14 00:00:00,1323.07,1323.62,1319.1,1321.99,16228
2017-09-14 01:00:00,1321.54,1326.43,1320.03,1326.05,17329
2017-09-14 02:00:00,1323.06,1330.31,1315.6,1328.15,50165
2017-09-15 00:00:00,1330.58,1334.24,1328.51,1329.27,17474
2017-09-15 01:00:00,1329.53,1330.83,1322.35,1323.48,25384
2017-09-15 02:00:00,1323.79,1327.34,1319.67,1321.07,43046
2017-09-18 00:00:00,1318.33,1319.59,1314.33,1317.0,13418
2017-09-18 01:00:00,1317.58,1318.3,1312.3,1314.34,20409
2017-09-18 02:00:00,1314.6,1315.79,1304.56,1307.59,35706
2017-09-19 00:00:00,1307.67,1309.71,1306.16,1307.88,13532
2017-09-19 01:00:00,1308.91,1309.68,1306.24,1308.68,19217
2017-09-19 02:00:00,1307.97,1311.6,1305.06,1310.71,37479
2017-09-20 00:00:00,1310.63,1312.89,1309.59,1312.01,11630
2017-09-20 01:00:00,1311.99,1315.94,1311.53,1314.76,18081
2017-09-20 02:00:00,1314.91,1315.93,1295.91,1300.48,55234
2017-09-21 00:00:00,1301.41,1301.61,1295.75,1298.3,18575
2017-09-21 01:00:00,1299.29,1299.41,1293.25,1294.15,22263
2017-09-21 02:00:00,1296.2,1296.5,1288.08,1291.13,43567
2017-09-22 00:00:00,1291.63,1298.06,1291.2,1296.87,17645
2017-09-22 01:00:00,1296.27,1298.61,1295.01,1296.89,20799
2017-09-22 02:00:00,1296.65,1298.38,1293.31,1296.63,32497
2017-09-25 00:00:00,1295.97,1296.35,1289.64,1293.85,18539
2017-09-25 01:00:00,1293.36,1296.39,1290.79,1295.0,21726
2017-09-25 02:00:00,1295.12,1311.38,1290.69,1310.66,52476
2017-09-26 00:00:00,1309.55,1313.56,1307.3,1312.46,16192
2017-09-26 01:00:00,1313.0,1313.26,1302.22,1302.83,21148
2017-09-26 02:00:00,1306.11,1306.11,1293.42,1295.12,44805
2017-09-27 00:00:00,1293.26,1296.14,1290.62,1294.64,12976
2017-09-27 01:00:00,1294.55,1295.53,1286.23,1290.78,22207
2017-09-27 02:00:00,1289.78,1293.29,1281.4,1282.99,45444
2017-09-28 00:00:00,1283.22,1284.88,1280.34,1281.1,13289
2017-09-28 01:00:00,1281.1,1285.28,1277.65,1283.9,24802
2017-09-28 02:00:00,1284.52,1288.71,1281.95,1287.14,38246
2017-09-29 00:00:00,1286.63,1287.82,1283.77,1284.96,11549
2017-09-29 01:00:00,1284.81,1289.25,1283.51,1288.4,20360
2017-09-29 02:00:00,1287.93,1290.25,1279.07,1279.59,39627
2017-10-02 00:00:00,1278.95,1279.12,1274.02,1274.86,16316
2017-10-02 01:00:00,1274.94,1275.56,1271.08,1274.08,18192
2017-10-02 02:00:00,1272.92,1277.14,1271.07,1271.96,31992
2017-10-03 00:00:00,1270.67,1272.96,1268.22,1269.74,15741
2017-10-03 01:00:00,1269.51,1272.3,1268.56,1270.63,16656
2017-10-03 02:00:00,1270.89,1274.68,1269.19,1270.67,24514
2017-10-04 00:00:00,1271.44,1276.09,1271.36,1275.26,11540
2017-10-04 01:00:00,1275.27,1278.41,1274.87,1277.61,13658
2017-10-04 02:00:00,1276.49,1282.12,1270.44,1274.88,34534
2017-10-05 00:00:00,1274.97,1275.46,1272.93,1274.47,10530
2017-10-05 01:00:00,1274.4,1278.92,1273.2,1278.25,13673
2017-10-05 02:00:00,1277.69,1278.83,1267.28,1268.89,30620
2017-10-06 00:00:00,1268.72,1269.56,1266.99,1267.47,12994
2017-10-06 01:00:00,1268.25,1269.45,1266.99,1269.32,14463
2017-10-06 02:00:00,1268.74,1275.59,1260.54,1274.89,47131
2017-10-09 00:00:00,1275.91,1284.89,1275.16,1283.09,19880
2017-10-09 01:00:00,1282.25,1285.36,1279.56,1281.52,16306
2017-10-09 02:00:00,1282.38,1285.09,1279.33,1283.88,25067
2017-10-10 00:00:00,1283.73,1288.07,1282.02,1287.28,16554
2017-10-10 01:00:00,1286.54,1291.78,1285.54,1290.85,19885
2017-10-10 02:00:00,1289.93,1294.13,1287.95,1288.38,38016
2017-10-11 00:00:00,1287.85,1291.59,1286.62,1287.98,15166
2017-10-11 01:00:00,1287.4,1290.47,1287.07,1289.93,17125
2017-10-11 02:00:00,1289.34,1293.42,1284.49,1292.62,39751
2017-10-12 00:00:00,1291.53,1295.32,1291.43,1294.54,15891
2017-10-12 01:00:00,1294.87,1297.39,1293.67,1294.69,18705
2017-10-12 02:00:00,1293.88,1296.2,1289.52,1293.24,72354
2017-10-13 00:00:00,1293.66,1296.59,1293.17,1295.95,23100
2017-10-13 01:00:00,1295.95,1298.28,1292.56,1294.19,40315
2017-10-13 02:00:00,1293.68,1303.61,1290.82,1303.06,94182
2017-10-16 00:00:00,1303.33,1304.36,1300.94,1302.46,23822
2017-10-16 01:00:00,1302.27,1305.67,1301.77,1304.44,34916
2017-10-16 02:00:00,1304.49,1305.91,1290.31,1294.47,88221
2017-10-17 00:00:00,1295.88,1296.11,1292.23,1292.39,28212
2017-10-17 01:00:00,1292.99,1293.01,1287.32,1288.97,41478
2017-10-17 02:00:00,1288.55,1290.09,1281.22,1285.19,91317
2017-10-18 00:00:00,1284.93,1288.78,1284.93,1286.48,17835
2017-10-18 01:00:00,1286.76,1286.84,1279.24,1279.97,35372
2017-10-18 02:00:00,1280.25,1285.14,1276.85,1280.76,82527
2017-10-19 00:00:00,1281.37,1281.83,1276.45,1278.23,30577
2017-10-19 01:00:00,1278.54,1287.72,1276.6,1286.02,61830
2017-10-19 02:00:00,1284.59,1290.18,1284.02,1289.45,102548
2017-10-20 00:00:00,1289.44,1290.9,1282.48,1283.84,39867
2017-10-20 01:00:00,1284.4,1285.13,1279.09,1280.55,47696
2017-10-20 02:00:00,1280.54,1284.51,1277.83,1280.82,92697
2017-10-23 00:00:00,1277.23,1278.13,1274.05,1276.1,29552
2017-10-23 01:00:00,1276.29,1277.01,1273.89,1275.11,38172
2017-10-23 02:00:00,1274.83,1283.13,1272.39,1281.79,87164
2017-10-24 00:00:00,1281.54,1283.51,1280.16,1282.63,25039
2017-10-24 01:00:00,1282.43,1283.03,1277.14,1278.22,42674
2017-10-24 02:00:00,1279.27,1281.24,1273.6,1276.52,93866
2017-10-25 00:00:00,1276.32,1277.31,1271.29,1273.25,25920
2017-10-25 01:00:00,1272.88,1274.35,1271.15,1271.77,46142
2017-10-25 02:00:00,1272.17,1279.95,1270.88,1277.24,118324
2017-10-26 00:00:00,1277.97,1280.95,1277.36,1280.04,24286
2017-10-26 01:00:00,1279.6,1282.38,1276.45,1278.39,42616
2017-10-26 02:00:00,1277.75,1279.86,1265.6,1267.21,118403
2017-10-27 00:00:00,1267.59,1268.47,1265.29,1267.51,30353
2017-10-27 01:00:00,1267.91,1268.94,1264.62,1267.28,48825
2017-10-27 02:00:00,1267.58,1273.64,1263.62,1273.33,106275
2017-10-30 00:00:00,1273.28,1273.79,1270.56,1271.25,26838
2017-10-30 01:00:00,1271.56,1272.37,1268.8,1271.49,35750
2017-10-30 02:00:00,1271.62,1278.67,1269.62,1276.01,84555
2017-10-31 00:00:00,1275.99,1277.33,1274.8,1276.1,25086
2017-10-31 01:00:00,1275.1,1278.01,1272.12,1273.15,40166
2017-10-31 02:00:00,1272.79,1274.29,1267.53,1271.0,80390
2017-11-01 00:00:00,1270.32,1270.5,1267.85,1269.82,26631
2017-11-01 01:00:00,1269.38,1280.71,1269.33,1276.78,48769
2017-11-01 02:00:00,1278.66,1279.73,1272.21,1274.52,104215
2017-11-02 00:00:00,1275.35,1281.26,1274.87,1278.39,37533
2017-11-02 01:00:00,1279.85,1280.07,1275.25,1276.42,41737
2017-11-02 02:00:00,1275.77,1283.96,1273.28,1276.15,105539
2017-11-03 00:00:00,1277.25,1278.59,1276.08,1277.6,16126
2017-11-03 01:00:00,1277.08,1277.63,1273.34,1273.66,28793
2017-11-03 02:00:00,1275.22,1280.05,1265.37,1270.03,99965
2017-11-06 00:00:00,1269.42,1270.69,1265.98,1269.34,36555
2017-11-06 01:00:00,1269.54,1272.28,1267.48,1271.57,40589
2017-11-06 02:00:00,1271.85,1282.79,1270.34,1281.32,80153
2017-11-07 00:00:00,1281.09,1281.3,1277.92,1279.2,28152
2017-11-07 01:00:00,1278.68,1279.4,1275.11,1276.38,41890
2017-11-07 02:00:00,1276.94,1279.94,1271.71,1276.07,92746
2017-11-08 00:00:00,1276.68,1279.05,1276.09,1278.21,26901
2017-11-08 01:00:00,1278.52,1282.24,1275.84,1280.67,42497
2017-11-08 02:00:00,1281.16,1287.07,1278.47,1280.77,91218
2017-11-09 00:00:00,1281.48,1284.77,1279.82,1284.55,36193
2017-11-09 01:00:00,1283.09,1286.59,1282.69,1286.59,54679
2017-11-09 02:00:00,1284.29,1288.31,1281.78,1285.35,129373
2017-11-10 00:00:00,1285.26,1286.93,1284.09,1284.18,30087
2017-11-10 01:00:00,1284.58,1285.97,1282.48,1283.41,51621
2017-11-10 02:00:00,1284.51,1285.75,1273.32,1276.09,93638
2017-11-13 00:00:00,1274.95,1276.44,1274.19,1276.14,21822
2017-11-13 01:00:00,1275.56,1279.31,1275.56,1278.8,41056
2017-11-13 02:00:00,1278.62,1279.62,1276.03,1277.64,77595
2017-11-14 00:00:00,1277.89,1277.99,1275.26,1276.48,24476
2017-11-14 01:00:00,1276.27,1277.16,1269.8,1273.55,43537
2017-11-14 02:00:00,1271.98,1283.45,1270.83,1280.36,102098
2017-11-15 00:00:00,1279.84,1283.14,1279.84,1280.88,32502
2017-11-15 01:00:00,1281.0,1286.08,1280.31,1285.27,58241
2017-11-15 02:00:00,1285.73,1289.39,1276.57,1278.59,117865
2017-11-16 00:00:00,1278.37,1279.46,1275.64,1276.45,27900
2017-11-16 01:00:00,1276.4,1279.21,1274.99,1278.26,50041
2017-11-16 02:00:00,1277.97,1281.67,1276.26,1278.24,87256
2017-11-17 00:00:00,1278.52,1283.88,1278.16,1282.66,38424
2017-11-17 01:00:00,1282.56,1284.12,1280.96,1283.32,45634
2017-11-17 02:00:00,1283.78,1296.77,1281.41,1293.72,102501
2017-11-20 00:00:00,1293.14,1294.62,1290.99,1291.74,34596
2017-11-20 01:00:00,1291.95,1292.42,1289.92,1291.19,46034
2017-11-20 02:00:00,1291.36,1293.44,1274.46,1276.9,103302
2017-11-21 00:00:00,1277.74,1280.3,1277.65,1279.62,25192
2017-11-21 01:00:00,1279.93,1281.27,1277.93,1278.11,44994
2017-11-21 02:00:00,1280.08,1284.6,1276.18,1280.03,99906
2017-11-22 00:00:00,1280.68,1282.29,1278.93,1280.69,25277
2017-11-22 01:00:00,1280.26,1286.11,1280.11,1283.84,44256
2017-11-22 02:00:00,1283.82,1294.52,1283.03,1291.72,98204
2017-11-23 00:00:00,1291.58,1291.67,1288.81,1288.99,20499
2017-11-23 01:00:00,1289.72,1293.44,1286.82,1291.58,37170
2017-11-23 02:00:00,1291.79,1293.07,1288.89,1290.93,28150
2017-11-24 00:00:00,1290.91,1293.13,1289.49,1291.92,24371
2017-11-24 01:00:00,1291.59,1292.25,1287.13,1287.87,41010
2017-11-24 02:00:00,1289.11,1291.19,1285.49,1288.27,58652
2017-11-27 00:00:00,1288.1,1290.63,1286.62,1290.4,25209
2017-11-27 01:00:00,1290.24,1295.08,1289.43,1294.03,43004
2017-11-27 02:00:00,1294.01,1299.08,1292.06,1293.91,87498
2017-11-28 00:00:00,1294.55,1296.63,1292.89,1294.3,24401
2017-11-28 01:00:00,1293.83,1294.69,1292.27,1293.63,40335
2017-11-28 02:00:00,1293.08,1297.28,1290.53,1293.56,88778
2017-11-29 00:00:00,1293.42,1295.91,1292.8,1295.63,25972
2017-11-29 01:00:00,1295.43,1296.54,1293.51,1294.12,39612
2017-11-29 02:00:00,1294.58,1295.0,1281.9,1283.65,119998
2017-11-30 00:00:00,1284.25,1285.16,1282.89,1284.02,30354
2017-11-30 01:00:00,1283.84,1284.31,1279.53,1281.85,46781
2017-11-30 02:00:00,1281.28,1281.95,1270.22,1275.04,119329
2017-12-01 00:00:00,1275.02,1276.67,1273.8,1274.48,31787
2017-12-01 01:00:00,1274.54,1278.1,1274.33,1276.83,47169
2017-12-01 02:00:00,1276.82,1289.07,1271.5,1280.23,146698
2017-12-04 00:00:00,1273.95,1275.7,1273.13,1274.3,29187
2017-12-04 01:00:00,1274.37,1275.55,1270.89,1272.65,46146
2017-12-04 02:00:00,1273.23,1277.02,1272.17,1276.38,105328
2017-12-05 00:00:00,1276.38,1276.9,1274.17,1275.01,21657
2017-12-05 01:00:00,1274.3,1276.68,1274.22,1276.47,38477
2017-12-05 02:00:00,1275.82,1276.68,1260.86,1265.87,116536
2017-12-06 00:00:00,1265.99,1267.34,1264.0,1266.44,33393
2017-12-06 01:00:00,1266.65,1269.13,1266.17,1267.82,45144
2017-12-06 02:00:00,1267.92,1268.38,1262.43,1264.04,99505
2017-12-07 00:00:00,1263.66,1264.31,1261.63,1262.5,23744
2017-12-07 01:00:00,1263.0,1263.42,1254.61,1255.43,44191
2017-12-07 02:00:00,1255.75,1256.3,1243.78,1247.06,104449
2017-12-08 00:00:00,1247.58,1249.32,1246.85,1248.68,23477
2017-12-08 01:00:00,1248.41,1249.51,1245.18,1246.05,36621
2017-12-08 02:00:00,1246.13,1252.23,1243.6,1247.9,95484
2017-12-11 00:00:00,1247.73,1249.04,1246.81,1248.94,21665
2017-12-11 01:00:00,1248.53,1251.4,1248.52,1250.56,32691
2017-12-11 02:00:00,1251.0,1251.4,1240.58,1242.03,76628
2017-12-12 00:00:00,1242.1,1245.0,1242.01,1244.77,17836
2017-12-12 01:00:00,1244.35,1246.09,1242.88,1243.41,31605
2017-12-12 02:00:00,1243.81,1244.86,1236.37,1244.01,84938
2017-12-13 00:00:00,1243.8,1245.11,1242.31,1243.94,20968
2017-12-13 01:00:00,1243.39,1244.37,1240.46,1241.51,26791
2017-12-13 02:00:00,1241.42,1256.92,1240.12,1255.31,109008
2017-12-14 00:00:00,1254.01,1258.95,1252.69,1257.53,25289
2017-12-14 01:00:00,1257.64,1258.34,1253.54,1256.49,37261
2017-12-14 02:00:00,1256.28,1258.37,1250.35,1252.36,102905
2017-12-15 00:00:00,1252.95,1255.72,1252.94,1253.95,21062
2017-12-15 01:00:00,1254.42,1258.53,1253.9,1257.43,35515
2017-12-15 02:00:00,1258.19,1261.72,1253.27,1255.52,92001
2017-12-18 00:00:00,1254.14,1256.02,1252.62,1255.32,25832
2017-12-18 01:00:00,1255.33,1258.68,1255.13,1257.94,37012
2017-12-18 02:00:00,1258.28,1263.83,1256.63,1261.42,75553
2017-12-19 00:00:00,1261.66,1263.2,1260.11,1262.88,16607
2017-12-19 01:00:00,1262.29,1264.89,1262.29,1262.97,28412
2017-12-19 02:00:00,1263.17,1265.11,1259.11,1261.75,84278
2017-12-20 00:00:00,1261.44,1264.82,1261.25,1263.75,16770
2017-12-20 01:00:00,1263.74,1266.28,1262.54,1266.12,31608
2017-12-20 02:00:00,1265.03,1267.7,1261.95,1264.9,79567
2017-12-21 00:00:00,1265.76,1268.14,1265.47,1267.23,18330
2017-12-21 01:00:00,1267.45,1267.63,1264.15,1264.83,30751
2017-12-21 02:00:00,1265.41,1268.8,1262.64,1266.71,68949
2017-12-22 00:00:00,1266.21,1267.07,1264.84,1266.63,15687
2017-12-22 01:00:00,1266.22,1268.93,1266.01,1268.42,25526
2017-12-22 02:00:00,1268.31,1276.02,1267.56,1274.37,61759
2017-12-27 00:00:00,1282.27,1282.77,1281.22,1282.5,16706
2017-12-27 01:00:00,1281.94,1286.18,1281.84,1285.87,28821
2017-12-27 02:00:00,1285.87,1288.8,1282.86,1287.64,66626
2017-12-28 00:00:00,1287.32,1291.64,1286.59,1291.42,18429
2017-12-28 01:00:00,1290.71,1293.12,1290.36,1292.34,29828
2017-12-28 02:00:00,1291.87,1295.07,1288.58,1294.76,59351
2017-12-29 00:00:00,1294.06,1296.13,1293.73,1295.64,16153
2017-12-29 01:00:00,1295.56,1297.4,1294.56,1296.84,25212
2017-12-29 02:00:00,1296.97,1307.41,1296.23,1302.58,70598
2018-01-03 00:00:00,1317.27,1321.24,1311.78,1313.9,30175
2018-01-03 01:00:00,1313.51,1315.33,1311.68,1314.09,31612
2018-01-03 02:00:00,1313.92,1317.78,1307.31,1312.39,83689
2018-01-04 00:00:00,1312.74,1313.48,1305.7,1308.21,28745
2018-01-04 01:00:00,1307.87,1314.18,1307.46,1312.79,38767
2018-01-04 02:00:00,1313.42,1325.84,1309.08,1322.83,88280
2018-01-05 00:00:00,1321.96,1323.26,1320.53,1321.3,20612
2018-01-05 01:00:00,1321.79,1321.8,1316.2,1316.91,32521
2018-01-05 02:00:00,1317.24,1322.77,1313.55,1320.19,85753
2018-01-08 00:00:00,1320.69,1322.0,1319.09,1319.86,17336
2018-01-08 01:00:00,1320.06,1320.89,1314.65,1319.71,32245
2018-01-08 02:00:00,1319.96,1320.89,1315.78,1320.15,66000
2018-01-09 00:00:00,1319.49,1319.79,1315.56,1319.23,27595
2018-01-09 01:00:00,1318.65,1320.04,1313.17,1314.71,38312
2018-01-09 02:00:00,1314.74,1315.8,1308.26,1313.1,83433
2018-01-10 00:00:00,1311.82,1312.34,1307.96,1310.88,29983
2018-01-10 01:00:00,1310.39,1327.6,1309.0,1324.24,61954
2018-01-10 02:00:00,1321.07,1327.6,1314.45,1317.01,106951
2018-01-11 00:00:00,1317.13,1320.69,1316.44,1317.51,31742
2018-01-11 01:00:00,1317.48,1320.06,1315.58,1318.79,38623
2018-01-11 02:00:00,1319.28,1323.79,1317.66,1322.08,93540
2018-01-12 00:00:00,1322.35,1330.2,1321.62,1327.95,32175
2018-01-12 01:00:00,1329.45,1332.99,1326.46,1330.78,48328
2018-01-12 02:00:00,1331.66,1339.21,1322.08,1338.45,103279
2018-01-15 00:00:00,1336.05,1344.6,1335.92,1343.9,37416
2018-01-15 01:00:00,1342.46,1344.6,1340.05,1342.01,46490
2018-01-15 02:00:00,1342.94,1343.23,1338.51,1339.93,36617
2018-01-16 00:00:00,1339.42,1342.13,1338.02,1341.15,29540
2018-01-16 01:00:00,1341.03,1341.45,1331.66,1333.59,55145
2018-01-16 02:00:00,1332.98,1340.01,1331.9,1338.42,92325
2018-01-17 00:00:00,1339.2,1343.82,1334.67,1335.66,47523
2018-01-17 01:00:00,1334.83,1338.82,1332.89,1337.21,52282
2018-01-17 02:00:00,1338.07,1340.33,1326.28,1328.03,107069
2018-01-18 00:00:00,1327.51,1329.48,1324.14,1327.36,39669
2018-01-18 01:00:00,1327.08,1331.3,1325.09,1330.64,49859
2018-01-18 02:00:00,1329.72,1332.96,1325.42,1326.96,100571
2018-01-19 00:00:00,1327.54,1332.39,1326.66,1331.44,40133
2018-01-19 01:00:00,1332.11,1337.86,1330.51,1335.17,50205
2018-01-19 02:00:00,1335.29,1336.05,1330.96,1331.73,87895
2018-01-22 00:00:00,1335.05,1335.05,1330.25,1331.02,33786
2018-01-22 01:00:00,1331.35,1334.44,1328.27,1333.23,38214
2018-01-22 02:00:00,1333.48,1335.44,1330.66,1334.08,74257
2018-01-23 00:00:00,1333.4,1337.09,1332.21,1335.71,31261
2018-01-23 01:00:00,1336.12,1338.67,1335.11,1337.43,47551
2018-01-23 02:00:00,1336.14,1341.64,1331.24,1341.16,94402
2018-01-24 00:00:00,1340.92,1342.16,1339.42,1340.4,33784
2018-01-24 01:00:00,1340.89,1350.82,1339.91,1350.12,53398
2018-01-24 02:00:00,1349.56,1362.02,1348.65,1358.5,113920
2018-01-25 00:00:00,1357.25,1364.37,1355.7,1363.47,45511
2018-01-25 01:00:00,1363.38,1365.92,1356.31,1359.73,64663
2018-01-25 02:00:00,1359.35,1364.63,1342.33,1347.66,138609
2018-01-26 00:00:00,1347.0,1353.64,1344.46,1351.53,47808
2018-01-26 01:00:00,1351.97,1356.96,1350.94,1354.11,57826
2018-01-26 02:00:00,1353.71,1355.21,1348.71,1350.45,114941
2018-01-29 00:00:00,1351.03,1352.39,1346.37,1347.81,40222
2018-01-29 01:00:00,1348.3,1349.11,1345.18,1346.83,53320
2018-01-29 02:00:00,1347.16,1347.45,1337.57,1340.25,88992
2018-01-30 00:00:00,1341.3,1342.04,1334.75,1336.94,44960
2018-01-30 01:00:00,1336.23,1346.21,1334.44,1345.12,60136
2018-01-30 02:00:00,1344.09,1348.9,1335.79,1337.7,109119
2018-01-31 00:00:00,1337.42,1342.88,1336.49,1341.81,45091
2018-01-31 01:00:00,1340.71,1344.9,1340.23,1342.94,51253
2018-01-31 02:00:00,1343.11,1347.57,1332.75,1345.38,122733
2018-02-01 00:00:00,1343.39,1347.06,1341.12,1344.47,37016
2018-02-01 01:00:00,1344.95,1345.19,1338.13,1338.63,58061
2018-02-01 02:00:00,1339.28,1350.97,1337.24,1349.82,120018
2018-02-02 00:00:00,1347.81,1350.06,1346.42,1347.48,38516
2018-02-02 01:00:00,1347.55,1349.28,1343.81,1345.2,51664
2018-02-02 02:00:00,1345.31,1346.98,1327.43,1330.76,146943
2018-02-05 00:00:00,1331.64,1333.89,1328.99,1330.93,49725
2018-02-05 01:00:00,1330.42,1338.07,1330.15,1337.75,56336
2018-02-05 02:00:00,1336.63,1341.59,1332.62,1337.76,146662
2018-02-06 00:00:00,1338.91,1346.08,1335.92,1342.98,88124
2018-02-06 01:00:00,1342.44,1344.63,1339.17,1343.37,90653
2018-02-06 02:00:00,1342.73,1343.46,1320.18,1322.8,184689
2018-02-07 00:00:00,1324.64,1330.73,1324.34,1329.14,51158
2018-02-07 01:00:00,1329.15,1332.3,1327.06,1327.76,60109
2018-02-07 02:00:00,1327.59,1328.59,1311.38,1317.33,153888
2018-02-08 00:00:00,1317.34,1319.21,1309.74,1311.69,57707
2018-02-08 01:00:00,1311.12,1313.61,1309.16,1311.18,66116
2018-02-08 02:00:00,1311.49,1322.02,1307.04,1317.95,170828
2018-02-09 00:00:00,1319.11,1322.63,1316.07,1317.87,59004
2018-02-09 01:00:00,1317.63,1320.49,1313.51,1314.84,62401
2018-02-09 02:00:00,1314.88,1319.08,1311.12,1316.01,179710
2018-02-12 00:00:00,1315.38,1326.69,1315.13,1323.11,30485
2018-02-12 01:00:00,1323.92,1324.54,1319.93,1320.12,33006
2018-02-12 02:00:00,1320.81,1326.1,1316.97,1322.82,84475
2018-02-13 00:00:00,1323.63,1326.71,1321.59,1326.03,33033
2018-02-13 01:00:00,1326.1,1331.02,1324.63,1328.8,46984
2018-02-13 02:00:00,1329.47,1329.87,1322.88,1329.19,81133
2018-02-14 00:00:00,1329.72,1336.94,1329.26,1334.54,37778
2018-02-14 01:00:00,1334.51,1335.52,1330.15,1331.18,35404
2018-02-14 02:00:00,1331.91,1355.5,1317.3,1350.61,123640
2018-02-15 00:00:00,1350.64,1355.23,1346.9694915329042,1353.57,39631
2018-02-15 01:00:00,1353.83,1357.07,1350.42,1351.77,43245
2018-02-15 02:00:00,1353.66,1355.13,1348.53,1352.84,96577
2018-02-16 00:00:00,1353.79,1359.97,1352.4,1358.47,36496
2018-02-16 01:00:00,1358.67,1361.69,1356.82,1358.86,40200
2018-02-16 02:00:00,1358.71,1359.16,1344.71,1348.12,95374
2018-02-19 00:00:00,1349.69,1351.34,1347.09,1348.25,28331
2018-02-19 01:00:00,1347.71,1349.17,1346.26,1347.69,30667
2018-02-19 02:00:00,1348.25,1348.79,1345.78,1346.6,31518
2018-02-20 00:00:00,1347.9,1348.09,1340.07,1341.52,29650
2018-02-20 01:00:00,1341.22,1341.82,1336.61,1338.78,38841
2018-02-20 02:00:00,1337.73,1343.22,1328.44,1329.84,76304
2018-02-21 00:00:00,1329.49,1330.72,1325.5,1326.7,31849
2018-02-21 01:00:00,1326.22,1329.95,1325.14,1328.6,33857
2018-02-21 02:00:00,1329.43,1336.22,1322.14,1323.15,96100
2018-02-22 00:00:00,1324.39,1327.06,1322.56,1324.01,34260
2018-02-22 01:00:00,1323.73,1324.75,1320.93,1322.86,33962
2018-02-22 02:00:00,1323.58,1332.07,1322.09,1330.79,83012
2018-02-23 00:00:00,1331.78,1332.13,1326.21,1326.93,28139
2018-02-23 01:00:00,1327.12,1329.78,1325.78,1329.56,32771
2018-02-23 02:00:00,1328.78,1331.62,1326.73,1329.12,63660
2018-02-26 00:00:00,1329.83,1337.97,1326.65,1336.84,36538
2018-02-26 01:00:00,1336.8,1341.0,1336.34,1338.68,34920
2018-02-26 02:00:00,1339.35,1339.49,1330.1,1333.31,68044
2018-02-27 00:00:00,1333.3,1336.7,1331.06,1333.14,29467
2018-02-27 01:00:00,1332.15,1334.69,1331.33,1332.39,31458
2018-02-27 02:00:00,1332.55,1333.27,1313.41,1318.09,98862
2018-02-28 00:00:00,1318.39,1318.95,1315.59,1317.51,31059
2018-02-28 01:00:00,1317.46,1321.31,1316.92,1318.99,35510
2018-02-28 02:00:00,1319.81,1322.49,1315.86,1318.33,79970
2018-03-01 00:00:00,1319.02,1319.2,1313.63,1314.57,30204
2018-03-01 01:00:00,1314.63,1315.19,1310.02,1310.22,35816
2018-03-01 02:00:00,1311.17,1321.07,1302.76,1316.1,128491
2018-03-02 00:00:00,1316.47,1318.33,1315.2,1316.66,29718
2018-03-02 01:00:00,1316.82,1323.96,1315.7,1323.06,42153
2018-03-02 02:00:00,1318.9,1325.42,1317.55,1321.96,97274
2018-03-05 00:00:00,1323.71,1327.07,1319.91,1326.31,40716
2018-03-05 01:00:00,1326.5,1327.73,1324.76,1325.09,47095
2018-03-05 02:00:00,1326.2,1326.29,1317.53,1319.77,91097
2018-03-06 00:00:00,1320.55,1324.15,1320.21,1322.86,31504
2018-03-06 01:00:00,1323.34,1325.51,1320.49,1324.91,45203
2018-03-06 02:00:00,1325.02,1338.46,1323.91,1333.79,117798
2018-03-07 00:00:00,1339.55,1340.37,1331.78,1334.0,56194
2018-03-07 01:00:00,1332.76,1335.21,1331.29,1332.31,46776
2018-03-07 02:00:00,1333.02,1333.8,1322.2,1325.52,109085
2018-03-08 00:00:00,1325.64,1328.11,1323.6,1327.42,36884
2018-03-08 01:00:00,1327.47,1329.0,1324.53,1325.11,39808
2018-03-08 02:00:00,1325.53,1326.73,1318.87,1322.14,110118
2018-03-09 00:00:00,1321.32,1321.98,1316.05,1318.01,42648
2018-03-09 01:00:00,1318.01,1320.92,1317.58,1320.02,34678
2018-03-09 02:00:00,1319.76,1325.14,1312.83,1323.31,106951
2018-03-12 00:00:00,1322.86,1324.13,1321.2,1323.15,24844
2018-03-12 01:00:00,1323.72,1323.9,1315.22,1315.96,32581
2018-03-12 02:00:00,1316.9,1324.09,1315.04,1322.7,65182
2018-03-13 00:00:00,1323.54,1325.66,1317.13,1319.92,26215
2018-03-13 01:00:00,1318.97,1321.4,1316.99,1318.63,34844
2018-03-13 02:00:00,1318.7,1328.28,1313.73,1326.31,96353
2018-03-14 00:00:00,1325.85,1329.19,1324.0,1328.24,25802
2018-03-14 01:00:00,1327.69,1330.01,1323.29,1325.51,36946
2018-03-14 02:00:00,1325.71,1328.5,1321.46,1324.74,84935
2018-03-15 00:00:00,1323.8,1327.88,1323.72,1327.55,25161
2018-03-15 01:00:00,1326.91,1327.88,1322.05,1322.38,32261
2018-03-15 02:00:00,1322.74,1323.44,1314.93,1316.44,79100
2018-03-16 00:00:00,1315.92,1316.98,1313.69,1316.57,26505
2018-03-16 01:00:00,1316.54,1321.72,1316.2,1320.49,27371
2018-03-16 02:00:00,1320.63,1321.72,1309.6,1313.47,72216
2018-03-19 00:00:00,1313.14,1313.79,1310.18,1311.29,25619
2018-03-19 01:00:00,1311.55,1313.03,1307.76,1310.36,31426
2018-03-19 02:00:00,1311.56,1319.58,1309.27,1317.02,75802
2018-03-20 00:00:00,1317.3,1318.24,1314.64,1315.02,24188
2018-03-20 01:00:00,1315.56,1316.89,1311.78,1313.09,32864
2018-03-20 02:00:00,1313.43,1313.48,1307.17,1311.06,67273
2018-03-21 00:00:00,1311.54,1314.48,1309.79,1313.72,16703
2018-03-21 01:00:00,1313.54,1317.74,1312.74,1315.03,25540
2018-03-21 02:00:00,1315.67,1336.6,1313.98,1331.8,106584
2018-03-22 00:00:00,1331.83,1334.86,1328.74,1328.88,29754
2018-03-22 01:00:00,1329.84,1333.85,1327.41,1330.06,40077
2018-03-22 02:00:00,1329.75,1332.58,1324.77,1328.61,102379
2018-03-23 00:00:00,1330.61,1339.1,1330.61,1338.66,37776
2018-03-23 01:00:00,1337.83,1343.2,1337.8,1341.02,41099
2018-03-23 02:00:00,1342.12,1350.2,1340.18,1347.51,100017
2018-03-26 00:00:00,1348.15,1350.93,1345.63,1348.19,27378
2018-03-26 01:00:00,1347.95,1349.2,1343.46,1347.85,33091
2018-03-26 02:00:00,1347.97,1355.87,1347.22,1353.39,78587
2018-03-27 00:00:00,1352.9,1354.52,1350.84,1354.46,25727
2018-03-27 01:00:00,1353.97,1356.84,1348.12,1348.32,33590
2018-03-27 02:00:00,1348.65,1349.35,1339.84,1344.91,87240
2018-03-28 00:00:00,1345.61,1346.99,1343.79,1344.36,26149
2018-03-28 01:00:00,1346.26,1346.27,1338.93,1339.28,47167
2018-03-28 02:00:00,1339.84,1340.75,1323.44,1325.88,106954
2018-03-29 00:00:00,1324.36,1328.19,1324.16,1327.48,28781
2018-03-29 01:00:00,1327.45,1328.3,1322.93,1323.49,37520
2018-03-29 02:00:00,1324.16,1326.55,1321.21,1324.99,81202
2018-04-02 00:00:00,1325.8,1330.29,1324.81,1329.42,26152
2018-04-02 01:00:00,1329.32,1332.45,1328.39,1331.79,19758
2018-04-02 02:00:00,1331.71,1344.84,1331.36,1341.6,95483
2018-04-03 00:00:00,1340.61,1342.45,1337.24,1337.83,27762
2018-04-03 01:00:00,1337.96,1342.02,1336.34,1338.52,38256
2018-04-03 02:00:00,1337.53,1341.15,1328.88,1332.59,99763
2018-04-04 00:00:00,1332.58,1335.27,1331.49,1335.21,25518
2018-04-04 01:00:00,1334.64,1345.0,1333.03,1343.27,51677
2018-04-04 02:00:00,1342.83,1348.22,1332.2,1332.96,105682
2018-04-05 00:00:00,1333.1,1334.85,1328.09,1328.2,25772
2018-04-05 01:00:00,1330.56,1330.56,1324.45,1328.23,39026
2018-04-05 02:00:00,1326.68,1330.71,1322.72,1326.3,85139
2018-04-06 00:00:00,1327.25,1333.28,1327.25,1328.77,37939
2018-04-06 01:00:00,1330.28,1330.45,1319.5,1324.36,43528
2018-04-06 02:00:00,1325.89,1335.42,1320.59,1333.67,114005
2018-04-09 00:00:00,1333.49,1334.11,1329.77,1332.3,29376
2018-04-09 01:00:00,1332.49,1333.48,1326.85,1327.19,41172
2018-04-09 02:00:00,1327.56,1337.95,1326.85,1336.36,85746
2018-04-10 00:00:00,1336.61,1338.09,1332.75,1333.53,34039
2018-04-10 01:00:00,1334.3,1337.75,1331.06,1335.33,39978
2018-04-10 02:00:00,1335.26,1342.53,1334.92,1340.22,96421
2018-04-11 00:00:00,1339.54,1342.66,1339.49,1341.24,23768
2018-04-11 01:00:00,1341.5,1347.4,1341.0,1346.55,35690
2018-04-11 02:00:00,1345.46,1365.2,1345.28,1352.82,129106
2018-04-12 00:00:00,1352.57,1353.15,1349.2,1350.62,27525
2018-04-12 01:00:00,1351.02,1352.21,1345.18,1346.78,44122
2018-04-12 02:00:00,1347.56,1348.9,1333.71,1335.17,112120
2018-04-13 00:00:00,1335.54,1340.85,1335.36,1340.43,24233
2018-04-13 01:00:00,1340.3,1341.87,1336.24,1341.28,36633
2018-04-13 02:00:00,1340.56,1347.1,1333.05,1345.0,96808
2018-04-16 00:00:00,1342.69,1348.68,1340.11,1347.15,25911
2018-04-16 01:00:00,1347.29,1347.6,1341.13,1344.59,40601
2018-04-16 02:00:00,1344.04,1350.48,1342.32,1345.92,78196
2018-04-17 00:00:00,1345.89,1349.36,1343.76,1345.36,23069
2018-04-17 01:00:00,1345.05,1348.86,1340.65,1342.46,39093
2018-04-17 02:00:00,1342.16,1347.71,1337.65,1347.44,82245
2018-04-18 00:00:00,1347.12,1347.4,1343.33,1344.17,21143
2018-04-18 01:00:00,1344.69,1347.15,1342.27,1346.03,40518
2018-04-18 02:00:00,1345.15,1355.67,1345.03,1349.23,89926
2018-04-19 00:00:00,1349.17,1353.01,1347.99,1352.26,25563
2018-04-19 01:00:00,1351.93,1354.65,1344.63,1347.54,43427
2018-04-19 02:00:00,1348.68,1350.7,1340.93,1345.99,103321
2018-04-20 00:00:00,1345.68,1346.15,1341.6,1342.23,24367
2018-04-20 01:00:00,1343.12,1344.44,1339.28,1341.17,37587
2018-04-20 02:00:00,1340.6,1344.22,1334.94,1336.16,78835
2018-04-23 00:00:00,1334.69,1335.14,1331.73,1334.13,24464
2018-04-23 01:00:00,1334.19,1335.43,1327.1,1328.81,39533
2018-04-23 02:00:00,1328.38,1329.18,1322.11,1324.3,81318
2018-04-24 00:00:00,1324.78,1328.09,1322.11,1326.3,25658
2018-04-24 01:00:00,1326.61,1328.49,1324.52,1326.98,33266
2018-04-24 02:00:00,1326.96,1332.64,1323.4,1331.31,94024
2018-04-25 00:00:00,1330.06,1332.03,1327.93,1328.19,21343
2018-04-25 01:00:00,1328.09,1328.56,1322.97,1324.37,36462
2018-04-25 02:00:00,1324.17,1324.77,1318.76,1322.89,77233
2018-04-26 00:00:00,1322.09,1324.62,1321.12,1323.52,20658
2018-04-26 01:00:00,1323.7,1326.57,1321.37,1322.54,33948
2018-04-26 02:00:00,1323.04,1325.76,1315.26,1317.34,85157
2018-04-27 00:00:00,1317.36,1318.2,1315.58,1317.39,18509
2018-04-27 01:00:00,1317.54,1319.09,1315.37,1317.76,33790
2018-04-27 02:00:00,1317.98,1325.19,1316.86,1323.45,74479
2018-04-30 00:00:00,1322.78,1324.88,1320.99,1321.24,13818
2018-04-30 01:00:00,1321.25,1322.3,1315.87,1316.36,28798
2018-04-30 02:00:00,1317.42,1320.51,1310.18,1316.17,78744
2018-05-01 00:00:00,1316.11,1316.32,1311.82,1312.19,14895
2018-05-01 01:00:00,1312.32,1312.67,1307.79,1308.85,26453
2018-05-01 02:00:00,1309.48,1310.28,1301.74,1304.76,82395
2018-05-02 00:00:00,1304.61,1311.91,1304.43,1310.29,24310
2018-05-02 01:00:00,1310.81,1311.61,1307.66,1310.37,39423
2018-05-02 02:00:00,1310.51,1313.43,1303.88,1304.79,103445
2018-05-03 00:00:00,1305.61,1310.45,1305.39,1309.11,22063
2018-05-03 01:00:00,1308.62,1313.24,1306.44,1311.49,43866
2018-05-03 02:00:00,1312.34,1318.06,1310.71,1312.28,98818
2018-05-04 00:00:00,1312.34,1314.38,1311.27,1313.31,16187
2018-05-04 01:00:00,1313.46,1313.74,1308.61,1309.97,32656
2018-05-04 02:00:00,1309.31,1315.32,1307.93,1314.61,91543
2018-05-07 00:00:00,1314.89,1318.86,1314.09,1316.65,21784
2018-05-07 01:00:00,1317.4,1317.52,1311.6,1313.93,31021
2018-05-07 02:00:00,1313.65,1315.58,1310.21,1313.98,68710
2018-05-08 00:00:00,1314.3,1316.98,1310.93,1311.39,22715
2018-05-08 01:00:00,1312.08,1314.79,1308.42,1309.23,41884
2018-05-08 02:00:00,1309.7,1317.77,1305.92,1314.41,96938
2018-05-09 00:00:00,1314.99,1316.73,1310.1,1311.02,27559
2018-05-09 01:00:00,1310.76,1311.32,1304.28,1307.04,41646
2018-05-09 02:00:00,1306.72,1317.38,1305.51,1312.44,84883
2018-05-10 00:00:00,1312.19,1315.67,1311.05,1314.28,24573
2018-05-10 01:00:00,1313.93,1316.23,1310.72,1316.2,38560
2018-05-10 02:00:00,1315.16,1322.82,1314.87,1321.1,90717
2018-05-11 00:00:00,1321.28,1322.11,1319.09,1320.31,20539
2018-05-11 01:00:00,1319.92,1325.24,1318.45,1325.03,34691
2018-05-11 02:00:00,1324.72,1325.9,1318.21,1319.24,69255
2018-05-14 00:00:00,1318.11,1322.29,1317.86,1319.38,20015
2018-05-14 01:00:00,1320.25,1321.76,1319.05,1320.04,33547
2018-05-14 02:00:00,1320.4,1321.19,1312.98,1313.73,63176
2018-05-15 00:00:00,1314.14,1314.84,1312.32,1312.47,19079
2018-05-15 01:00:00,1313.78,1313.94,1309.16,1309.65,35782
2018-05-15 02:00:00,1309.86,1310.15,1288.66,1292.14,103145
2018-05-16 00:00:00,1290.69,1294.64,1290.69,1293.76,27298
2018-05-16 01:00:00,1294.18,1296.87,1289.55,1290.98,41463
2018-05-16 02:00:00,1290.98,1293.67,1286.38,1290.69,84821
2018-05-17 00:00:00,1290.96,1294.34,1289.56,1292.86,23608
2018-05-17 01:00:00,1292.03,1293.16,1284.93,1286.29,43910
2018-05-17 02:00:00,1287.78,1291.74,1284.93,1291.08,79033
2018-05-18 00:00:00,1290.49,1290.81,1287.73,1288.32,18748
2018-05-18 01:00:00,1288.7,1291.1,1286.2,1286.67,31968
2018-05-18 02:00:00,1286.36,1294.18,1286.06,1292.25,71323
2018-05-21 00:00:00,1291.52,1291.98,1287.69,1288.34,24423
2018-05-21 01:00:00,1288.47,1288.66,1282.0,1284.37,35944
2018-05-21 02:00:00,1284.56,1292.89,1283.81,1292.81,64996
2018-05-22 00:00:00,1292.62,1293.39,1289.85,1290.46,21103
2018-05-22 01:00:00,1290.35,1296.04,1287.9,1294.56,40773
2018-05-22 02:00:00,1294.94,1296.09,1291.01,1291.32,66868
2018-05-23 00:00:00,1291.23,1295.51,1291.12,1292.66,27275
2018-05-23 01:00:00,1292.94,1298.28,1289.15,1296.86,51631
2018-05-23 02:00:00,1297.41,1297.84,1287.54,1293.66,94816
2018-05-24 00:00:00,1293.9,1295.87,1292.87,1295.34,30665
2018-05-24 01:00:00,1295.02,1297.93,1292.72,1296.11,41163
2018-05-24 02:00:00,1296.01,1306.59,1295.5,1304.8,78168
2018-05-25 00:00:00,1304.84,1305.48,1301.58,1302.38,25975
2018-05-25 01:00:00,1302.37,1306.69,1301.74,1306.45,38800
2018-05-25 02:00:00,1304.84,1307.75,1299.83,1300.94,84637
2018-05-28 00:00:00,1299.41,1299.76,1296.32,1298.71,24792
2018-05-28 01:00:00,1298.6,1299.08,1295.48,1297.73,36051
2018-05-28 02:00:00,1298.62,1300.3,1296.93,1298.02,38965
2018-05-29 00:00:00,1297.64,1301.29,1296.98,1298.54,25249
2018-05-29 01:00:00,1297.5,1306.57,1295.97,1303.69,62800
2018-05-29 02:00:00,1302.92,1304.71,1292.48,1299.92,106766
2018-05-30 00:00:00,1299.68,1302.8,1297.58,1298.07,35170
2018-05-30 01:00:00,1298.73,1300.46,1295.86,1296.58,61906
2018-05-30 02:00:00,1297.71,1304.28,1296.47,1301.67,97037
2018-05-31 00:00:00,1301.7,1304.83,1301.15,1302.13,25201
2018-05-31 01:00:00,1302.56,1306.43,1301.87,1303.92,44876
2018-05-31 02:00:00,1305.35,1306.21,1297.26,1298.76,107121
2018-06-01 00:00:00,1298.89,1300.54,1297.71,1298.31,26536
2018-06-01 01:00:00,1298.5,1300.06,1297.81,1298.67,34949
2018-06-01 02:00:00,1299.45,1299.97,1289.34,1293.66,90697
2018-06-04 00:00:00,1293.04,1294.46,1291.93,1293.41,15300
2018-06-04 01:00:00,1293.62,1295.35,1290.15,1293.82,35515
2018-06-04 02:00:00,1293.82,1298.08,1291.43,1291.67,57202
2018-06-05 00:00:00,1292.18,1292.61,1290.71,1291.87,12472
2018-06-05 01:00:00,1291.89,1294.03,1289.69,1291.37,25994
2018-06-05 02:00:00,1292.49,1300.5,1290.22,1296.57,62457
2018-06-06 00:00:00,1296.84,1298.18,1296.49,1296.7,12153
2018-06-06 01:00:00,1297.39,1299.36,1294.18,1295.0,37333
2018-06-06 02:00:00,1295.04,1301.76,1293.73,1296.44,63666
2018-06-07 00:00:00,1296.61,1298.11,1295.44,1296.85,13548
2018-06-07 01:00:00,1297.01,1299.52,1295.89,1298.87,28861
2018-06-07 02:00:00,1298.81,1303.09,1294.82,1296.7,81381
2018-06-08 00:00:00,1297.3,1297.72,1295.76,1296.4,13198
2018-06-08 01:00:00,1296.43,1300.22,1292.05,1300.13,37491
2018-06-08 02:00:00,1299.22,1300.51,1297.04,1298.8,62795
2018-06-11 00:00:00,1299.1,1301.2,1298.28,1299.31,13422
2018-06-11 01:00:00,1299.34,1299.48,1294.75,1294.89,26269
2018-06-11 02:00:00,1295.45,1302.2,1294.02,1300.13,55050
2018-06-12 00:00:00,1299.92,1300.23,1296.66,1297.58,16947
2018-06-12 01:00:00,1297.37,1298.72,1296.29,1298.05,30184
2018-06-12 02:00:00,1297.94,1299.68,1292.76,1295.97,56898
2018-06-13 00:00:00,1295.44,1296.01,1294.57,1294.99,9812
2018-06-13 01:00:00,1295.3,1295.75,1291.82,1294.63,21470
2018-06-13 02:00:00,1294.53,1301.2,1292.6,1299.0,67096
2018-06-14 00:00:00,1299.85,1301.01,1297.48,1298.94,13392
2018-06-14 01:00:00,1299.19,1305.69,1298.81,1305.11,27401
2018-06-14 02:00:00,1305.16,1309.28,1301.62,1302.37,81884
2018-06-15 00:00:00,1302.16,1303.07,1300.13,1301.77,15642
2018-06-15 01:00:00,1301.19,1301.88,1297.39,1298.98,35568
2018-06-15 02:00:00,1298.87,1300.12,1275.33,1280.25,82955
2018-06-18 00:00:00,1279.13,1282.39,1278.57,1280.06,13290
2018-06-18 01:00:00,1280.3,1282.17,1278.42,1280.88,23449
2018-06-18 02:00:00,1280.36,1281.79,1276.99,1278.52,51379
2018-06-19 00:00:00,1278.88,1283.99,1278.71,1283.44,18552
2018-06-19 01:00:00,1283.74,1283.99,1278.33,1279.13,35403
2018-06-19 02:00:00,1279.63,1279.79,1270.31,1275.43,60295
2018-06-20 00:00:00,1274.94,1276.25,1273.02,1273.65,14890
2018-06-20 01:00:00,1273.65,1274.97,1271.58,1271.83,24638
2018-06-20 02:00:00,1272.32,1276.38,1268.04,1268.11,56238
2018-06-21 00:00:00,1268.05,1270.01,1264.78,1265.22,15336
2018-06-21 01:00:00,1265.84,1265.94,1261.9,1262.88,30930
2018-06-21 02:00:00,1263.03,1270.06,1261.29,1267.53,56484
2018-06-22 00:00:00,1267.38,1269.11,1266.58,1267.43,13086
2018-06-22 01:00:00,1267.88,1271.03,1267.3,1268.69,27000
2018-06-22 02:00:00,1269.4,1270.8,1266.85,1269.81,54002
2018-06-25 00:00:00,1271.37,1272.56,1266.54,1267.06,14661
2018-06-25 01:00:00,1267.54,1270.51,1264.4,1267.66,21533
2018-06-25 02:00:00,1269.38,1270.31,1264.69,1265.87,51470
2018-06-26 00:00:00,1266.04,1267.61,1263.03,1263.84,13989
2018-06-26 01:00:00,1264.23,1264.56,1256.03,1257.02,27556
2018-06-26 02:00:00,1256.63,1262.13,1254.71,1258.51,56843
2018-06-27 00:00:00,1258.44,1259.43,1253.43,1255.08,20217
2018-06-27 01:00:00,1255.82,1259.63,1254.11,1258.62,32018
2018-06-27 02:00:00,1258.2,1260.05,1250.59,1252.73,70253
2018-06-28 00:00:00,1252.31,1254.03,1252.03,1252.47,15885
2018-06-28 01:00:00,1252.77,1253.14,1248.24,1251.59,32268
2018-06-28 02:00:00,1251.99,1254.24,1245.84,1248.09,61987
2018-06-29 00:00:00,1248.01,1251.05,1245.99,1250.59,22639
2018-06-29 01:00:00,1249.53,1252.74,1249.0,1251.33,30476
2018-06-29 02:00:00,1250.99,1255.57,1248.47,1252.98,55659
2018-07-02 00:00:00,1252.73,1254.15,1250.44,1250.92,15730
2018-07-02 01:00:00,1250.83,1251.41,1247.54,1248.34,28066
2018-07-02 02:00:00,1248.52,1250.75,1239.63,1241.9,51407
2018-07-03 00:00:00,1241.89,1242.89,1237.94,1239.23,21014
2018-07-03 01:00:00,1239.7,1247.69,1237.82,1246.26,34203
2018-07-03 02:00:00,1245.74,1256.85,1245.62,1252.56,48030
2018-07-04 00:00:00,1252.47,1260.41,1252.34,1256.84,19902
2018-07-04 01:00:00,1256.96,1261.07,1255.91,1257.09,27959
2018-07-04 02:00:00,1256.59,1258.38,1253.94,1256.47,20443
2018-07-05 00:00:00,1256.24,1258.05,1255.34,1255.92,17437
2018-07-05 01:00:00,1256.02,1257.41,1251.33,1251.54,28626
2018-07-05 02:00:00,1251.81,1259.68,1251.24,1256.9,52965
2018-07-06 00:00:00,1257.2,1258.72,1252.69,1254.88,17081
2018-07-06 01:00:00,1253.78,1256.91,1253.59,1254.1,25789
2018-07-06 02:00:00,1254.56,1258.94,1253.52,1255.03,45090
2018-07-09 00:00:00,1255.25,1259.33,1254.83,1258.7,13178
2018-07-09 01:00:00,1258.81,1264.6,1258.49,1263.91,26123
2018-07-09 02:00:00,1263.22,1265.84,1257.03,1257.52,48639
2018-07-10 00:00:00,1257.64,1260.24,1257.43,1258.57,13836
2018-07-10 01:00:00,1259.09,1259.59,1252.13,1253.44,28919
2018-07-10 02:00:00,1252.89,1256.38,1247.28,1255.5,52078
2018-07-11 00:00:00,1255.7,1256.84,1249.05,1250.83,23032
2018-07-11 01:00:00,1250.76,1253.36,1249.29,1249.9,28097
2018-07-11 02:00:00,1249.87,1252.55,1241.75,1241.84,59124
2018-07-12 00:00:00,1242.46,1243.97,1241.24,1243.93,33178
2018-07-12 01:00:00,1243.63,1246.29,1242.22,1244.12,39044
2018-07-12 02:00:00,1244.77,1248.5,1242.41,1246.7,56042
2018-07-13 00:00:00,1246.83,1248.04,1245.54,1246.09,12342
2018-07-13 01:00:00,1246.26,1246.52,1239.13,1241.07,29597
2018-07-13 02:00:00,1241.93,1243.68,1236.3,1241.23,48016
2018-07-16 00:00:00,1241.27,1244.46,1240.87,1243.4,11525
2018-07-16 01:00:00,1243.4,1245.51,1241.77,1243.69,25300
2018-07-16 02:00:00,1244.14,1244.9,1238.28,1240.95,50373
2018-07-17 00:00:00,1240.73,1241.73,1237.43,1241.16,14584
2018-07-17 01:00:00,1241.51,1244.94,1240.45,1242.69,23804
2018-07-17 02:00:00,1243.17,1243.45,1226.02,1227.8,58812
2018-07-18 00:00:00,1227.67,1229.1,1226.57,1227.58,12700
2018-07-18 01:00:00,1227.68,1227.68,1220.98,1222.75,28856
2018-07-18 02:00:00,1223.13,1228.42,1222.05,1227.64,44989
2018-07-19 00:00:00,1226.98,1228.46,1223.53,1224.23,15154
2018-07-19 01:00:00,1224.9,1225.3,1215.69,1216.04,32301
2018-07-19 02:00:00,1217.22,1228.98,1211.45,1223.61,66414
2018-07-20 00:00:00,1223.75,1224.08,1215.63,1219.84,25400
2018-07-20 01:00:00,1218.81,1226.69,1218.63,1223.72,35336
2018-07-20 02:00:00,1225.5,1232.22,1223.13,1231.13,67737
2018-07-23 00:00:00,1230.39,1235.15,1229.87,1231.97,19307
2018-07-23 01:00:00,1232.28,1232.72,1228.0,1229.98,33995
2018-07-23 02:00:00,1228.89,1232.61,1222.19,1224.67,56021
2018-07-24 00:00:00,1224.75,1225.08,1220.42,1221.39,18551
2018-07-24 01:00:00,1221.79,1226.98,1218.1,1226.27,35123
2018-07-24 02:00:00,1224.92,1229.45,1223.92,1224.75,62190
2018-07-25 00:00:00,1224.42,1227.38,1223.16,1224.11,15623
2018-07-25 01:00:00,1224.1,1231.87,1223.56,1230.08,34831
2018-07-25 02:00:00,1230.98,1234.14,1227.74,1231.73,67999
2018-07-26 00:00:00,1231.46,1235.18,1230.41,1230.62,13895
2018-07-26 01:00:00,1231.23,1231.67,1226.77,1227.94,27607
2018-07-26 02:00:00,1228.22,1230.53,1222.29,1223.01,59329
2018-07-27 00:00:00,1223.57,1224.64,1222.01,1224.31,12724
2018-07-27 01:00:00,1223.81,1225.35,1218.35,1218.72,28757
2018-07-27 02:00:00,1218.53,1227.32,1217.51,1223.11,54891
2018-07-30 00:00:00,1223.34,1223.93,1219.15,1219.73,12094
2018-07-30 01:00:00,1220.17,1222.74,1218.96,1221.92,19890
2018-07-30 02:00:00,1222.23,1225.03,1220.94,1221.64,35979
2018-07-31 00:00:00,1221.54,1223.28,1219.51,1220.39,15616
2018-07-31 01:00:00,1221.19,1222.8,1217.5,1217.96,29351
2018-07-31 02:00:00,1218.6,1228.53,1213.93,1224.46,61488
2018-08-01 00:00:00,1224.13,1224.76,1220.89,1221.29,14209
2018-08-01 01:00:00,1221.76,1224.68,1219.95,1223.24,23881
2018-08-01 02:00:00,1222.41,1223.78,1215.69,1216.42,54335
2018-08-02 00:00:00,1216.52,1221.05,1216.44,1218.91,12350
2018-08-02 01:00:00,1219.49,1220.42,1215.38,1216.36,28194
2018-08-02 02:00:00,1215.83,1218.32,1208.11,1208.22,57509
2018-08-03 00:00:00,1208.68,1210.38,1206.34,1207.15,12287
2018-08-03 01:00:00,1207.68,1208.43,1204.4,1207.87,25063
2018-08-03 02:00:00,1207.4,1219.98,1207.27,1213.47,62804
2018-08-06 00:00:00,1213.61,1217.85,1213.5,1215.54,12104
2018-08-06 01:00:00,1216.02,1216.12,1209.64,1210.2,23296
2018-08-06 02:00:00,1212.26,1212.3,1206.48,1207.61,40968
2018-08-07 00:00:00,1208.09,1210.44,1207.65,1210.41,9954
2018-08-07 01:00:00,1209.81,1216.1,1209.37,1215.29,24340
2018-08-07 02:00:00,1215.48,1216.1,1208.46,1210.57,42920
2018-08-08 00:00:00,1211.01,1214.06,1210.53,1213.13,10594
2018-08-08 01:00:00,1213.15,1215.82,1211.0,1211.48,21031
2018-08-08 02:00:00,1211.49,1214.01,1206.35,1213.61,47263
2018-08-09 00:00:00,1213.62,1215.55,1212.23,1215.23,10643
2018-08-09 01:00:00,1214.88,1217.31,1210.72,1215.2,29376
2018-08-09 02:00:00,1214.1,1217.23,1211.25,1212.13,50099
2018-08-10 00:00:00,1212.55,1213.28,1211.34,1212.47,10420
2018-08-10 01:00:00,1212.06,1212.87,1205.7,1210.86,44775
2018-08-10 02:00:00,1210.12,1217.09,1209.43,1211.56,66340
2018-08-13 00:00:00,1212.51,1213.8,1207.11,1207.8,13365
2018-08-13 01:00:00,1207.7,1209.46,1200.98,1201.73,25078
2018-08-13 02:00:00,1201.76,1202.87,1191.6,1193.69,54069
2018-08-14 00:00:00,1194.01,1196.05,1192.26,1195.29,9755
2018-08-14 01:00:00,1195.1,1196.07,1193.27,1195.28,17507
2018-08-14 02:00:00,1194.67,1198.67,1191.99,1194.38,35688
2018-08-15 00:00:00,1194.26,1194.66,1187.64,1188.01,10301
2018-08-15 01:00:00,1188.0,1189.46,1184.93,1185.18,17464
2018-08-15 02:00:00,1185.76,1187.53,1173.07,1175.81,51711
2018-08-16 00:00:00,1175.55,1176.22,1160.07,1172.34,18962
2018-08-16 01:00:00,1172.66,1182.02,1171.49,1179.09,27194
2018-08-16 02:00:00,1179.67,1181.66,1173.35,1174.0,48603
2018-08-17 00:00:00,1173.69,1179.26,1171.79,1176.55,9860
2018-08-17 01:00:00,1176.26,1179.76,1173.42,1176.43,21671
2018-08-17 02:00:00,1176.47,1185.0,1174.99,1184.39,36335
2018-08-20 00:00:00,1183.46,1186.49,1182.6,1186.41,7972
2018-08-20 01:00:00,1185.58,1189.72,1185.19,1186.44,14702
2018-08-20 02:00:00,1188.39,1190.79,1184.64,1190.25,31722
2018-08-21 00:00:00,1190.37,1194.66,1190.27,1194.29,8763
2018-08-21 01:00:00,1194.01,1196.3,1193.14,1193.75,25245
2018-08-21 02:00:00,1193.45,1194.72,1187.65,1194.69,37045
2018-08-22 00:00:00,1196.05,1197.76,1194.55,1194.77,9392
2018-08-22 01:00:00,1195.42,1197.95,1192.54,1196.73,19957
2018-08-22 02:00:00,1197.42,1201.52,1194.36,1195.57,41387
2018-08-23 00:00:00,1195.89,1196.54,1190.11,1190.71,10043
2018-08-23 01:00:00,1191.12,1192.87,1186.28,1188.11,19720
2018-08-23 02:00:00,1188.52,1192.85,1183.8,1185.43,36406
2018-08-24 00:00:00,1185.3,1187.86,1183.18,1187.21,10675
2018-08-24 01:00:00,1186.81,1192.28,1186.71,1191.26,20767
2018-08-24 02:00:00,1191.12,1208.49,1190.9,1205.67,39591
2018-08-27 00:00:00,1207.2,1207.92,1203.49,1206.34,9946
2018-08-27 01:00:00,1207.11,1207.4,1203.15,1203.82,9112
2018-08-27 02:00:00,1204.64,1212.33,1203.11,1210.68,30839
2018-08-28 00:00:00,1210.81,1212.39,1207.95,1209.35,7706
2018-08-28 01:00:00,1208.99,1214.21,1208.45,1213.95,18701
2018-08-28 02:00:00,1213.83,1214.21,1199.53,1200.43,39865
2018-08-29 00:00:00,1201.47,1204.64,1201.29,1203.81,7301
2018-08-29 01:00:00,1204.21,1205.84,1201.38,1203.68,19579
2018-08-29 02:00:00,1204.52,1207.26,1202.0,1206.94,32225
2018-08-30 00:00:00,1206.91,1207.81,1203.03,1203.91,8029
2018-08-30 01:00:00,1204.21,1205.06,1200.41,1202.38,18097
2018-08-30 02:00:00,1203.34,1206.74,1196.17,1200.32,36356
2018-08-31 00:00:00,1200.0,1204.84,1198.53,1204.65,8357
2018-08-31 01:00:00,1202.64,1208.77,1202.64,1206.32,22355
2018-08-31 02:00:00,1207.16,1207.54,1198.21,1200.17,47657
2018-09-03 00:00:00,1200.68,1200.68,1195.6,1199.36,10296
2018-09-03 01:00:00,1199.61,1203.84,1198.85,1201.32,31775
2018-09-03 02:00:00,1200.86,1202.24,1198.7,1201.25,20815
2018-09-04 00:00:00,1200.67,1201.93,1198.84,1199.24,8204
2018-09-04 01:00:00,1199.64,1201.16,1193.57,1194.74,27826
2018-09-04 02:00:00,1194.72,1195.85,1189.56,1191.71,41825
2018-09-05 00:00:00,1191.72,1194.55,1190.79,1193.35,8175
2018-09-05 01:00:00,1193.53,1195.81,1191.81,1194.0,22366
2018-09-05 02:00:00,1193.38,1198.37,1193.18,1196.13,37934
2018-09-06 00:00:00,1197.13,1199.86,1196.64,1197.96,8726
2018-09-06 01:00:00,1198.12,1205.38,1195.74,1204.97,41189
2018-09-06 02:00:00,1203.3,1206.95,1196.71,1200.12,42988
2018-09-07 00:00:00,1200.33,1203.48,1199.19,1200.87,10237
2018-09-07 01:00:00,1200.45,1202.07,1198.23,1201.01,23713
2018-09-07 02:00:00,1200.21,1202.27,1193.41,1196.42,47579
2018-09-10 00:00:00,1196.35,1196.46,1192.44,1193.17,10399
2018-09-10 01:00:00,1194.32,1196.06,1191.6,1193.28,21024
2018-09-10 02:00:00,1194.19,1198.49,1191.44,1195.48,30557
2018-09-11 00:00:00,1195.46,1196.17,1193.03,1193.63,7347
2018-09-11 01:00:00,1193.93,1197.12,1193.0,1193.82,21963
2018-09-11 02:00:00,1193.36,1197.71,1187.66,1197.32,37004
2018-09-12 00:00:00,1197.99,1198.4,1193.41,1193.48,6309
2018-09-12 01:00:00,1194.07,1197.66,1192.63,1196.4,21013
2018-09-12 02:00:00,1196.93,1208.43,1192.92,1206.23,42656
2018-09-13 00:00:00,1206.47,1207.14,1203.99,1205.31,6591
2018-09-13 01:00:00,1205.6,1207.23,1203.33,1205.38,20307
2018-09-13 02:00:00,1205.61,1212.6,1200.07,1201.41,49634
2018-09-14 00:00:00,1201.63,1205.74,1201.31,1204.43,7565
2018-09-14 01:00:00,1205.32,1208.52,1204.08,1205.97,20796
2018-09-14 02:00:00,1205.97,1207.17,1192.84,1194.29,47680
2018-09-17 00:00:00,1193.67,1195.8,1192.75,1195.05,5706
2018-09-17 01:00:00,1195.19,1197.97,1193.96,1197.44,19075
2018-09-17 02:00:00,1197.45,1204.77,1196.11,1200.93,39012
2018-09-18 00:00:00,1201.38,1201.6,1196.99,1199.09,10227
2018-09-18 01:00:00,1198.85,1200.71,1195.82,1198.48,25640
2018-09-18 02:00:00,1199.09,1203.48,1196.87,1198.57,46838
2018-09-19 00:00:00,1197.95,1202.07,1197.92,1201.95,7095
2018-09-19 01:00:00,1201.07,1204.56,1200.77,1202.83,23554
2018-09-19 02:00:00,1202.78,1206.16,1201.09,1203.89,40462
2018-09-20 00:00:00,1203.81,1206.54,1203.02,1205.71,6005
2018-09-20 01:00:00,1205.13,1206.1,1201.23,1203.23,21092
2018-09-20 02:00:00,1202.73,1208.4,1202.13,1207.46,45000
2018-09-21 00:00:00,1206.75,1209.95,1206.6,1209.02,7404
2018-09-21 01:00:00,1209.07,1211.03,1205.93,1205.99,23613
2018-09-21 02:00:00,1207.65,1208.07,1191.78,1198.95,42243
2018-09-24 00:00:00,1198.88,1198.91,1195.79,1196.75,6180
2018-09-24 01:00:00,1196.87,1199.27,1194.36,1198.99,15768
2018-09-24 02:00:00,1198.78,1204.12,1197.77,1198.64,31242
2018-09-25 00:00:00,1198.93,1199.4,1197.01,1198.59,6148
2018-09-25 01:00:00,1198.29,1200.71,1198.19,1199.99,21026
2018-09-25 02:00:00,1199.69,1203.34,1199.29,1201.01,28947
2018-09-26 00:00:00,1201.33,1202.3,1199.87,1201.96,6695
2018-09-26 01:00:00,1201.73,1202.44,1197.53,1198.4,23766
2018-09-26 02:00:00,1198.07,1200.2,1190.47,1194.67,59568
2018-09-27 00:00:00,1194.83,1198.52,1194.67,1197.71,8183
2018-09-27 01:00:00,1198.01,1198.37,1194.36,1195.35,19110
2018-09-27 02:00:00,1195.83,1196.11,1181.84,1183.36,37263
2018-09-28 00:00:00,1183.34,1185.41,1182.9,1184.57,7158
2018-09-28 01:00:00,1184.97,1185.41,1180.66,1184.45,22626
2018-09-28 02:00:00,1184.45,1193.94,1181.67,1191.37,37304
2018-10-01 00:00:00,1191.89,1192.15,1188.05,1188.25,7590
2018-10-01 01:00:00,1188.85,1189.58,1184.51,1185.93,17850
2018-10-01 02:00:00,1186.16,1192.05,1184.84,1188.74,28020
2018-10-02 00:00:00,1188.81,1191.73,1188.67,1191.41,7213
2018-10-02 01:00:00,1191.33,1194.71,1190.5,1190.52,23402
2018-10-02 02:00:00,1192.38,1208.19,1189.07,1203.21,41578
2018-10-03 00:00:00,1203.98,1208.25,1203.77,1206.46,9761
2018-10-03 01:00:00,1206.77,1207.27,1202.22,1203.81,18085
2018-10-03 02:00:00,1204.84,1205.18,1196.87,1198.4,35886
2018-10-04 00:00:00,1197.97,1198.86,1195.95,1195.95,8120
2018-10-04 01:00:00,1196.41,1200.95,1195.95,1199.32,20286
2018-10-04 02:00:00,1199.15,1206.74,1196.8,1199.39,43063
2018-10-05 00:00:00,1199.65,1200.28,1197.71,1198.35,7481
2018-10-05 01:00:00,1198.85,1202.51,1197.2,1201.89,20604
2018-10-05 02:00:00,1201.62,1205.76,1199.48,1203.03,46202
2018-10-08 00:00:00,1203.18,1204.04,1195.16,1196.3,8732
2018-10-08 01:00:00,1196.61,1197.22,1192.94,1193.58,8680
2018-10-08 02:00:00,1193.75,1194.52,1183.33,1188.28,20925
2018-10-09 00:00:00,1188.2,1191.65,1187.82,1191.31,8404
2018-10-09 01:00:00,1190.89,1191.81,1186.19,1186.29,15147
2018-10-09 02:00:00,1187.21,1190.59,1183.16,1189.97,38034
2018-10-10 00:00:00,1189.46,1191.27,1188.57,1189.7,6916
2018-10-10 01:00:00,1189.4,1190.95,1186.25,1187.2,13339
2018-10-10 02:00:00,1186.66,1194.03,1185.25,1194.0,41747
2018-10-11 00:00:00,1194.18,1195.09,1191.22,1192.71,13323
2018-10-11 01:00:00,1193.33,1204.35,1191.79,1203.33,15730
2018-10-11 02:00:00,1203.65,1226.3,1201.8,1224.04,56812
2018-10-12 00:00:00,1223.21,1223.67,1217.61,1219.89,10697
2018-10-12 01:00:00,1220.26,1221.32,1215.8,1220.91,17712
2018-10-12 02:00:00,1220.24,1223.42,1216.25,1217.92,37107
2018-10-15 00:00:00,1217.78,1222.19,1217.74,1221.83,7862
2018-10-15 01:00:00,1221.73,1233.22,1221.19,1231.12,17268
2018-10-15 02:00:00,1231.38,1231.9,1223.95,1226.92,39767
2018-10-16 00:00:00,1227.19,1228.51,1225.4,1225.91,5903
2018-10-16 01:00:00,1226.51,1230.12,1224.97,1228.28,20678
2018-10-16 02:00:00,1228.37,1232.36,1223.4,1224.63,33209
2018-10-17 00:00:00,1224.87,1225.77,1221.51,1222.25,7468
2018-10-17 01:00:00,1221.73,1228.03,1220.53,1226.97,15762
2018-10-17 02:00:00,1226.67,1229.43,1221.98,1222.02,32350
2018-10-18 00:00:00,1221.96,1224.15,1221.43,1223.76,7362
2018-10-18 01:00:00,1223.59,1224.57,1218.63,1223.21,19329
2018-10-18 02:00:00,1223.17,1230.1,1221.04,1225.81,36013
2018-10-19 00:00:00,1225.47,1228.71,1225.12,1227.15,8601
2018-10-19 01:00:00,1227.19,1229.47,1223.02,1228.32,18627
2018-10-19 02:00:00,1228.39,1230.75,1225.45,1226.49,35206
2018-10-22 00:00:00,1228.0,1229.51,1226.15,1227.79,7853
2018-10-22 01:00:00,1228.13,1228.27,1222.21,1223.29,20452
2018-10-22 02:00:00,1222.57,1224.42,1219.97,1222.6,23499
2018-10-23 00:00:00,1222.05,1224.42,1221.65,1223.56,7535
2018-10-23 01:00:00,1223.65,1236.51,1223.27,1234.09,18689
2018-10-23 02:00:00,1234.54,1239.71,1229.68,1230.4,32649
2018-10-24 00:00:00,1230.87,1233.55,1230.55,1232.15,6959
2018-10-24 01:00:00,1231.25,1233.37,1229.52,1230.57,21504
2018-10-24 02:00:00,1230.38,1233.17,1225.55,1232.29,31837
2018-10-25 00:00:00,1233.92,1237.83,1233.04,1236.97,8652
2018-10-25 01:00:00,1237.37,1239.14,1230.12,1232.2,22497
2018-10-25 02:00:00,1231.63,1235.37,1228.05,1231.56,28260
2018-10-26 00:00:00,1232.08,1233.09,1229.98,1231.94,9218
2018-10-26 01:00:00,1232.23,1238.49,1231.05,1236.74,25713
2018-10-26 02:00:00,1236.63,1243.36,1231.45,1233.88,50656
2018-10-29 00:00:00,1232.96,1235.34,1231.74,1232.85,7983
2018-10-29 01:00:00,1233.04,1233.95,1227.62,1229.22,28662
2018-10-29 02:00:00,1229.65,1231.88,1224.25,1229.47,34646
2018-10-30 00:00:00,1229.55,1230.53,1226.29,1227.21,8377
2018-10-30 01:00:00,1227.71,1228.73,1219.8,1221.8,16365
2018-10-30 02:00:00,1220.5,1226.46,1220.42,1222.97,29281
2018-10-31 00:00:00,1222.4,1222.96,1215.5,1217.6,9129
2018-10-31 01:00:00,1216.77,1218.66,1214.67,1218.65,17572
2018-10-31 02:00:00,1217.66,1218.68,1211.93,1214.48,34801
2018-11-01 00:00:00,1215.3,1218.5,1215.26,1218.17,7999
2018-11-01 01:00:00,1218.29,1226.73,1217.47,1223.9,25204
2018-11-01 02:00:00,1222.53,1237.33,1222.33,1233.04,35441
2018-11-02 00:00:00,1234.29,1234.39,1231.13,1232.65,9172
2018-11-02 01:00:00,1233.03,1236.33,1230.82,1234.35,21727
2018-11-02 02:00:00,1235.44,1236.37,1229.67,1232.75,42403
2018-11-05 00:00:00,1233.14,1235.1,1231.51,1232.15,6976
2018-11-05 01:00:00,1232.32,1234.33,1230.58,1231.82,13582
2018-11-05 02:00:00,1231.94,1233.2,1226.82,1231.58,31214
2018-11-06 00:00:00,1231.31,1231.71,1228.61,1229.22,5609
2018-11-06 01:00:00,1228.71,1235.82,1228.71,1234.93,14633
2018-11-06 02:00:00,1235.31,1235.89,1223.44,1226.57,39221
2018-11-07 00:00:00,1227.19,1232.13,1222.93,1228.97,16100
2018-11-07 01:00:00,1229.48,1235.15,1227.65,1234.0,26112
2018-11-07 02:00:00,1233.69,1236.43,1225.22,1226.25,47741
2018-11-08 00:00:00,1226.39,1227.03,1222.72,1223.95,6849
2018-11-08 01:00:00,1223.47,1225.95,1221.39,1222.22,15403
2018-11-08 02:00:00,1223.37,1226.95,1219.98,1223.22,34719
2018-11-09 00:00:00,1223.25,1223.44,1217.76,1219.09,8185
2018-11-09 01:00:00,1218.95,1221.69,1217.97,1218.55,15009
2018-11-09 02:00:00,1219.17,1219.57,1206.65,1209.39,36773
2018-11-12 00:00:00,1209.41,1211.39,1208.22,1208.42,6994
2018-11-12 01:00:00,1210.42,1210.42,1203.88,1206.35,15583
2018-11-12 02:00:00,1206.51,1207.66,1200.35,1200.53,29855
2018-11-13 00:00:00,1201.1,1205.11,1200.61,1204.6,7641
2018-11-13 01:00:00,1204.31,1205.0,1196.21,1198.04,16566
2018-11-13 02:00:00,1197.93,1204.34,1197.52,1202.72,37168
2018-11-14 00:00:00,1202.63,1204.48,1201.53,1202.57,10088
2018-11-14 01:00:00,1202.71,1203.68,1197.64,1199.71,17394
2018-11-14 02:00:00,1200.22,1216.49,1198.45,1211.29,50442
2018-11-15 00:00:00,1210.99,1212.1,1208.25,1211.39,8498
2018-11-15 01:00:00,1212.0,1216.42,1209.03,1210.35,17389
2018-11-15 02:00:00,1210.87,1215.79,1207.66,1213.16,44152
2018-11-16 00:00:00,1213.25,1216.73,1213.1,1215.21,7162
2018-11-16 01:00:00,1215.4,1218.26,1214.06,1215.7,13243
2018-11-16 02:00:00,1216.52,1225.23,1215.48,1221.2,39598
2018-11-19 00:00:00,1221.94,1223.53,1218.77,1219.05,8101
2018-11-19 01:00:00,1219.64,1223.05,1217.97,1222.18,13074
2018-11-19 02:00:00,1221.9,1225.16,1219.06,1223.82,30369
2018-11-20 00:00:00,1223.83,1224.49,1221.07,1222.67,7206
2018-11-20 01:00:00,1222.15,1225.92,1221.48,1223.69,14692
2018-11-20 02:00:00,1223.1,1228.7,1219.93,1221.6,45450
2018-11-21 00:00:00,1221.85,1222.32,1219.65,1221.19,7048
2018-11-21 01:00:00,1220.75,1225.42,1220.65,1224.27,14100
2018-11-21 02:00:00,1222.64,1230.03,1222.44,1225.58,32846
2018-11-22 00:00:00,1225.42,1227.66,1224.81,1227.01,5801
2018-11-22 01:00:00,1226.47,1229.06,1226.07,1228.49,11598
2018-11-22 02:00:00,1227.97,1228.88,1226.69,1226.96,18685
2018-11-23 00:00:00,1226.98,1228.49,1226.23,1228.15,5190
2018-11-23 01:00:00,1228.24,1228.35,1221.42,1221.78,13202
2018-11-23 02:00:00,1222.06,1225.31,1219.88,1222.51,26464
2018-11-26 00:00:00,1223.38,1225.35,1222.18,1225.13,7431
2018-11-26 01:00:00,1224.51,1228.07,1224.28,1225.65,11860
2018-11-26 02:00:00,1226.11,1226.57,1221.65,1222.34,29468
2018-11-27 00:00:00,1222.38,1223.28,1220.82,1222.37,7428
2018-11-27 01:00:00,1221.83,1224.88,1219.44,1223.59,21241
2018-11-27 02:00:00,1223.95,1225.21,1211.82,1214.71,23466
2018-11-28 00:00:00,1214.92,1215.36,1213.6,1214.41,6100
2018-11-28 01:00:00,1214.56,1214.98,1212.36,1214.26,11842
2018-11-28 02:00:00,1213.5,1226.65,1211.15,1221.44,35214
2018-11-29 00:00:00,1220.51,1225.59,1220.42,1224.57,7812
2018-11-29 01:00:00,1225.06,1227.28,1224.41,1224.79,16212
2018-11-29 02:00:00,1225.32,1228.91,1222.17,1223.68,37729
2018-11-30 00:00:00,1224.08,1225.49,1223.39,1224.81,6925
2018-11-30 01:00:00,1224.89,1225.07,1220.74,1222.15,9481
2018-11-30 02:00:00,1221.94,1223.01,1216.62,1221.76,36575
2018-12-03 00:00:00,1222.91,1226.07,1221.25,1225.19,8508
2018-12-03 01:00:00,1225.13,1232.26,1224.81,1228.26,14554
2018-12-03 02:00:00,1230.07,1234.86,1227.79,1230.82,39125
2018-12-04 00:00:00,1230.67,1237.05,1230.38,1236.29,9226
2018-12-04 01:00:00,1236.95,1241.13,1236.06,1238.74,18405
2018-12-04 02:00:00,1239.35,1241.89,1236.62,1238.1,39971
2018-12-05 00:00:00,1238.54,1239.2,1234.19,1235.15,8189
2018-12-05 01:00:00,1234.78,1237.65,1233.25,1237.35,9612
2018-12-05 02:00:00,1236.18,1239.03,1235.43,1237.33,13327
2018-12-06 00:00:00,1237.26,1240.77,1237.22,1239.47,9520
2018-12-06 01:00:00,1239.88,1239.98,1234.68,1235.94,17671
2018-12-06 02:00:00,1236.12,1244.29,1235.26,1238.03,50889
2018-12-07 00:00:00,1237.72,1240.54,1237.24,1239.55,6220
2018-12-07 01:00:00,1239.91,1242.43,1237.92,1242.4,11079
2018-12-07 02:00:00,1240.96,1249.98,1239.51,1247.94,45616
2018-12-10 00:00:00,1250.4,1250.49,1247.55,1249.29,9006
2018-12-10 01:00:00,1249.25,1249.98,1245.89,1247.37,12702
2018-12-10 02:00:00,1246.48,1247.76,1241.55,1244.54,49769
2018-12-11 00:00:00,1244.78,1247.14,1243.56,1246.52,7046
2018-12-11 01:00:00,1246.53,1249.46,1245.68,1247.55,11739
2018-12-11 02:00:00,1247.76,1248.7,1240.96,1242.71,58413
2018-12-12 00:00:00,1243.15,1246.05,1242.72,1244.51,6606
2018-12-12 01:00:00,1244.21,1245.0,1241.93,1243.67,17604
2018-12-12 02:00:00,1244.5,1247.19,1242.99,1245.43,36228
2018-12-13 00:00:00,1245.73,1246.64,1243.85,1244.65,6122
2018-12-13 01:00:00,1244.28,1246.68,1241.13,1242.36,14784
2018-12-13 02:00:00,1241.52,1244.12,1240.05,1242.59,42379
2018-12-14 00:00:00,1241.71,1242.95,1240.92,1241.13,7503
2018-12-14 01:00:00,1241.54,1241.62,1237.3,1238.49,18331
2018-12-14 02:00:00,1238.82,1240.29,1232.89,1238.21,40395
2018-12-17 00:00:00,1237.33,1238.03,1235.47,1236.9,2900
2018-12-17 01:00:00,1236.93,1240.25,1236.38,1239.91,11202
2018-12-17 02:00:00,1239.73,1248.06,1239.26,1245.78,31517
2018-12-18 00:00:00,1245.69,1248.93,1244.97,1248.09,6958
2018-12-18 01:00:00,1248.31,1250.33,1245.03,1249.71,16527
2018-12-18 02:00:00,1249.42,1250.33,1245.75,1249.27,34967
2018-12-19 00:00:00,1249.78,1251.28,1248.47,1250.97,8159
2018-12-19 01:00:00,1251.05,1251.32,1246.71,1248.06,13343
2018-12-19 02:00:00,1247.86,1257.99,1241.61,1242.89,58049
2018-12-20 00:00:00,1244.23,1245.7,1242.68,1244.79,8558
2018-12-20 01:00:00,1245.18,1257.04,1244.48,1255.33,15788
2018-12-20 02:00:00,1255.9,1266.43,1253.48,1260.52,38791
2018-12-21 00:00:00,1260.51,1262.55,1258.95,1259.45,5945
2018-12-21 01:00:00,1259.29,1262.7,1256.08,1259.81,14733
2018-12-21 02:00:00,1257.72,1262.09,1253.85,1255.17,30188
2018-12-24 00:00:00,1258.48,1264.28,1257.89,1263.83,7273
2018-12-24 01:00:00,1263.99,1265.31,1259.29,1260.71,10550
2018-12-24 02:00:00,1260.03,1269.75,1259.77,1268.3,19016
2018-12-26 00:00:00,1272.38,1272.79,1272.06,1272.16,1292
2018-12-26 01:00:00,1272.48,1274.65,1271.18,1273.31,8097
2018-12-26 02:00:00,1273.23,1279.05,1264.46,1266.64,32117
2018-12-27 00:00:00,1266.65,1272.21,1265.51,1268.88,7513
2018-12-27 01:00:00,1269.57,1273.72,1266.59,1271.25,12826
2018-12-27 02:00:00,1272.49,1278.92,1270.66,1275.08,31698
2018-12-28 00:00:00,1275.35,1278.39,1274.2,1277.25,8309
2018-12-28 01:00:00,1277.67,1282.1,1275.94,1278.43,13940
2018-12-28 02:00:00,1278.9,1280.85,1275.96,1280.53,23921
2018-12-31 00:00:00,1279.92,1280.55,1277.38,1278.61,5881
2018-12-31 01:00:00,1278.09,1284.02,1277.99,1283.81,8189
2018-12-31 02:00:00,1282.43,1284.02,1278.04,1280.23,17143
2019-01-02 00:00:00,1282.21,1285.43,1282.01,1284.7,1539
2019-01-02 01:00:00,1283.92,1288.7,1283.71,1286.74,12746
2019-01-02 02:00:00,1287.29,1287.63,1278.64,1283.21,26076
2019-01-03 00:00:00,1287.68,1290.13,1285.06,1287.77,10587
2019-01-03 01:00:00,1288.35,1292.26,1286.04,1287.08,16156
2019-01-03 02:00:00,1288.1,1294.96,1284.5,1293.8,32310
2019-01-04 00:00:00,1293.66,1298.52,1292.69,1295.03,12757
2019-01-04 01:00:00,1294.41,1296.23,1289.34,1291.57,11307
2019-01-04 02:00:00,1291.05,1292.09,1276.54,1285.07,38476
2019-01-07 00:00:00,1285.34,1289.72,1282.56,1289.29,9517
2019-01-07 01:00:00,1288.79,1292.32,1288.63,1291.23,12840
2019-01-07 02:00:00,1290.84,1295.03,1286.13,1288.43,25098
2019-01-08 00:00:00,1289.16,1290.18,1282.33,1282.43,9868
2019-01-08 01:00:00,1282.93,1284.71,1281.62,1283.26,13028
2019-01-08 02:00:00,1283.39,1286.93,1279.31,1285.01,21107
2019-01-09 00:00:00,1284.62,1287.04,1281.61,1282.22,10124
2019-01-09 01:00:00,1282.11,1283.53,1280.06,1280.85,10118
2019-01-09 02:00:00,1280.86,1293.9,1280.01,1293.11,30903
2019-01-10 00:00:00,1292.98,1297.03,1291.54,1296.25,9103
2019-01-10 01:00:00,1295.68,1296.95,1291.49,1293.75,11213
2019-01-10 02:00:00,1292.95,1294.59,1286.06,1286.35,23371
2019-01-11 00:00:00,1286.75,1293.14,1286.72,1293.11,7365
2019-01-11 01:00:00,1292.73,1295.12,1291.67,1291.91,10536
2019-01-11 02:00:00,1293.11,1293.45,1286.83,1287.95,19937
2019-01-14 00:00:00,1288.04,1292.66,1287.77,1291.04,7360
2019-01-14 01:00:00,1290.49,1295.57,1290.17,1294.85,10351
2019-01-14 02:00:00,1295.11,1295.79,1288.35,1291.72,20604
2019-01-15 00:00:00,1292.4,1293.36,1290.11,1290.38,7987
2019-01-15 01:00:00,1291.17,1291.48,1287.47,1289.35,10018
2019-01-15 02:00:00,1288.99,1294.59,1286.71,1289.18,25538
2019-01-16 00:00:00,1289.58,1291.13,1288.28,1290.43,7776
2019-01-16 01:00:00,1289.55,1292.71,1288.73,1289.14,10238
2019-01-16 02:00:00,1289.36,1294.95,1287.78,1293.17,20381
2019-01-17 00:00:00,1293.7,1295.33,1291.25,1291.96,7344
2019-01-17 01:00:00,1291.38,1294.94,1291.26,1294.59,8456
2019-01-17 02:00:00,1294.17,1294.95,1288.67,1291.65,22459
2019-01-18 00:00:00,1292.24,1292.4,1290.29,1291.37,7041
2019-01-18 01:00:00,1291.87,1292.12,1283.55,1285.52,9367
2019-01-18 02:00:00,1285.85,1286.42,1280.56,1280.78,20495
2019-01-21 00:00:00,1282.53,1283.47,1281.01,1281.4,6290
2019-01-21 01:00:00,1281.33,1283.4,1277.5,1278.4,8605
2019-01-21 02:00:00,1278.9,1280.98,1276.76,1280.03,8461
2019-01-22 00:00:00,1280.14,1280.47,1277.39,1277.67,6748
2019-01-22 01:00:00,1277.55,1284.8,1277.35,1283.34,10289
2019-01-22 02:00:00,1283.84,1285.41,1279.15,1284.9,17721
2019-01-23 00:00:00,1284.9,1285.61,1283.01,1283.51,6378
2019-01-23 01:00:00,1283.37,1286.47,1283.26,1285.4,6946
2019-01-23 02:00:00,1284.99,1285.81,1278.59,1282.78,16957
2019-01-24 00:00:00,1282.78,1284.71,1280.98,1281.22,5236
2019-01-24 01:00:00,1281.59,1282.35,1278.26,1279.34,8088
2019-01-24 02:00:00,1279.7,1283.85,1276.7,1280.88,21280
2019-01-25 00:00:00,1280.33,1283.05,1279.89,1282.15,6686
2019-01-25 01:00:00,1281.94,1285.1,1281.64,1284.55,7936
2019-01-25 02:00:00,1283.78,1303.91,1283.4,1302.75,25256
2019-01-28 00:00:00,1302.27,1304.35,1299.42,1304.04,7462
2019-01-28 01:00:00,1303.07,1304.35,1300.13,1300.83,7240
2019-01-28 02:00:00,1301.14,1304.15,1297.56,1303.52,16727
2019-01-29 00:00:00,1303.12,1304.47,1302.66,1303.89,5919
2019-01-29 01:00:00,1303.71,1309.31,1302.87,1307.2,9371
2019-01-29 02:00:00,1307.66,1311.93,1306.11,1311.34,21390
2019-01-30 00:00:00,1311.51,1314.65,1310.53,1313.75,7659
2019-01-30 01:00:00,1313.74,1315.87,1312.71,1313.29,9560
2019-01-30 02:00:00,1312.8,1323.37,1308.92,1319.34,28310
2019-01-31 00:00:00,1320.3,1320.71,1317.36,1319.97,7812
2019-01-31 01:00:00,1319.57,1323.24,1318.52,1322.57,11267
2019-01-31 02:00:00,1322.31,1326.25,1318.67,1320.52,25478
2019-02-01 00:00:00,1320.95,1321.82,1317.47,1317.97,7641
2019-02-01 01:00:00,1318.31,1321.98,1316.6,1321.69,8877
2019-02-01 02:00:00,1321.33,1323.44,1316.06,1317.97,24213
2019-02-04 00:00:00,1317.6,1317.89,1312.23,1312.6,7214
2019-02-04 01:00:00,1312.56,1313.6,1310.35,1310.99,7621
2019-02-04 02:00:00,1310.6,1315.25,1308.53,1312.02,18026
2019-02-05 00:00:00,1311.76,1315.2,1311.19,1315.07,5437
2019-02-05 01:00:00,1314.49,1315.31,1310.66,1313.96,8043
2019-02-05 02:00:00,1313.65,1316.77,1312.59,1314.98,17645
2019-02-06 00:00:00,1314.6,1315.74,1312.68,1313.71,6218
2019-02-06 01:00:00,1313.9,1315.6,1312.08,1312.81,6218
2019-02-06 02:00:00,1313.29,1315.13,1305.91,1306.63,16957
2019-02-07 00:00:00,1307.41,1307.78,1302.73,1303.48,6343
2019-02-07 01:00:00,1303.09,1307.29,1303.07,1307.13,7747
2019-02-07 02:00:00,1306.64,1311.9,1305.43,1309.9,20915
2019-02-08 00:00:00,1309.96,1310.8,1308.26,1308.98,5531
2019-02-08 01:00:00,1309.24,1311.85,1307.72,1311.53,6930
2019-02-08 02:00:00,1311.14,1315.6,1311.02,1313.94,16663
2019-02-11 00:00:00,1313.14,1314.8,1310.48,1311.66,6076
2019-02-11 01:00:00,1310.94,1312.22,1306.2,1307.68,8308
2019-02-11 02:00:00,1306.55,1310.33,1303.59,1308.04,16976
2019-02-12 00:00:00,1307.39,1309.37,1306.45,1308.43,7025
2019-02-12 01:00:00,1308.29,1313.81,1308.09,1313.17,8480
2019-02-12 02:00:00,1313.29,1314.68,1308.19,1310.92,17196
2019-02-13 00:00:00,1311.12,1313.31,1309.3,1312.45,7047
2019-02-13 01:00:00,1313.1,1314.19,1310.25,1310.57,7151
2019-02-13 02:00:00,1311.15,1318.11,1304.94,1305.54,24499
2019-02-14 00:00:00,1306.46,1309.16,1306.35,1308.58,7273
2019-02-14 01:00:00,1308.7,1309.72,1305.18,1305.88,9750
2019-02-14 02:00:00,1306.32,1314.31,1302.34,1312.59,26153
2019-02-15 00:00:00,1312.61,1313.23,1311.29,1312.83,6732
2019-02-15 01:00:00,1312.64,1319.18,1311.83,1318.57,9584
2019-02-15 02:00:00,1317.05,1322.57,1314.12,1321.31,24600
2019-02-18 00:00:00,1317.36,1325.23,1315.81,1323.35,7915
2019-02-18 01:00:00,1323.58,1325.09,1321.27,1324.15,8716
2019-02-18 02:00:00,1324.46,1327.61,1323.76,1326.06,9002
2019-02-19 00:00:00,1326.23,1326.65,1323.29,1323.69,7613
2019-02-19 01:00:00,1323.89,1330.37,1322.81,1328.95,10432
2019-02-19 02:00:00,1329.13,1341.81,1328.23,1340.81,23784
2019-02-20 00:00:00,1339.91,1346.66,1339.28,1342.65,8996
2019-02-20 01:00:00,1343.17,1345.29,1341.31,1343.65,10679
2019-02-20 02:00:00,1344.66,1346.3,1336.83,1337.45,25443
2019-02-21 00:00:00,1339.03,1341.43,1337.41,1339.68,8746
2019-02-21 01:00:00,1340.07,1340.85,1332.0,1334.92,13389
2019-02-21 02:00:00,1335.81,1337.32,1322.55,1322.89,24344
2019-02-22 00:00:00,1324.22,1326.45,1323.91,1324.55,8983
2019-02-22 01:00:00,1324.55,1326.99,1321.5,1322.76,10208
2019-02-22 02:00:00,1322.83,1333.05,1322.17,1328.13,23801
2019-02-25 00:00:00,1327.47,1331.74,1327.38,1330.78,9052
2019-02-25 01:00:00,1330.98,1331.84,1327.74,1330.2,9216
2019-02-25 02:00:00,1329.76,1332.51,1325.07,1326.77,21692
2019-02-26 00:00:00,1327.22,1330.15,1326.58,1329.51,7376
2019-02-26 01:00:00,1328.92,1329.65,1324.41,1325.38,9052
2019-02-26 02:00:00,1325.76,1329.49,1323.43,1328.63,21446
2019-02-27 00:00:00,1329.03,1329.81,1326.97,1328.15,4028
2019-02-27 01:00:00,1327.94,1328.25,1325.6,1327.46,7904
2019-02-27 02:00:00,1326.65,1328.76,1316.57,1319.57,19815
2019-02-28 00:00:00,1319.99,1321.27,1317.2,1318.65,7124
2019-02-28 01:00:00,1318.76,1326.72,1318.1,1326.72,10991
2019-02-28 02:00:00,1324.51,1327.22,1312.55,1313.04,27351
2019-03-01 00:00:00,1314.15,1315.17,1312.21,1312.79,7015
2019-03-01 01:00:00,1313.1,1313.23,1306.04,1308.84,11145
2019-03-01 02:00:00,1308.81,1312.14,1290.12,1292.9,27356
2019-03-04 00:00:00,1295.06,1296.96,1293.46,1295.85,6782
2019-03-04 01:00:00,1296.04,1296.53,1286.25,1287.31,11668
2019-03-04 02:00:00,1286.99,1289.71,1282.8,1286.41,22569
2019-03-05 00:00:00,1286.88,1289.55,1285.54,1288.48,8156
2019-03-05 01:00:00,1288.81,1288.99,1283.39,1284.54,9235
2019-03-05 02:00:00,1284.53,1288.34,1281.13,1287.93,21406
2019-03-06 00:00:00,1287.23,1289.35,1285.89,1287.02,8011
2019-03-06 01:00:00,1287.19,1290.86,1284.87,1285.91,8687
2019-03-06 02:00:00,1285.31,1288.44,1283.49,1286.71,20497
2019-03-07 00:00:00,1286.52,1288.38,1285.94,1286.15,6632
2019-03-07 01:00:00,1286.07,1287.47,1280.77,1286.5,9056
2019-03-07 02:00:00,1286.23,1288.99,1282.76,1285.9,24770
2019-03-08 00:00:00,1284.52,1288.95,1284.41,1288.85,7669
2019-03-08 01:00:00,1287.94,1295.77,1287.93,1293.43,11015
2019-03-08 02:00:00,1293.21,1300.69,1291.45,1298.95,26738
2019-03-11 00:00:00,1296.85,1298.31,1295.63,1297.24,6923
2019-03-11 01:00:00,1297.42,1299.04,1294.39,1294.86,8131
2019-03-11 02:00:00,1295.78,1296.91,1290.42,1293.27,18612
2019-03-12 00:00:00,1293.04,1296.98,1291.96,1296.65,6854
2019-03-12 01:00:00,1296.67,1297.82,1294.33,1296.04,9354
2019-03-12 02:00:00,1296.01,1302.19,1295.22,1301.15,17495
2019-03-13 00:00:00,1300.91,1305.78,1300.87,1304.4,6365
2019-03-13 01:00:00,1304.82,1309.07,1303.68,1307.89,8174
2019-03-13 02:00:00,1308.17,1311.19,1305.92,1309.1,17495
2019-03-14 00:00:00,1309.79,1310.31,1302.65,1303.11,7229
2019-03-14 01:00:00,1303.0,1304.61,1295.87,1297.34,10768
2019-03-14 02:00:00,1298.15,1298.87,1292.73,1296.08,16849
2019-03-15 00:00:00,1296.09,1299.87,1293.93,1298.68,7514
2019-03-15 01:00:00,1297.97,1304.36,1297.62,1303.57,7974
2019-03-15 02:00:00,1303.05,1306.36,1300.59,1301.92,18442
2019-03-18 00:00:00,1302.24,1302.29,1298.13,1299.2,6143
2019-03-18 01:00:00,1299.66,1306.09,1298.46,1305.71,7478
2019-03-18 02:00:00,1305.1,1306.67,1300.93,1303.41,16273
2019-03-19 00:00:00,1303.35,1307.79,1302.27,1307.15,7312
2019-03-19 01:00:00,1307.66,1308.88,1303.67,1307.37,8819
2019-03-19 02:00:00,1307.76,1310.87,1305.77,1306.41,18199
2019-03-20 00:00:00,1306.63,1306.97,1303.77,1304.69,5735
2019-03-20 01:00:00,1304.82,1306.5,1301.58,1304.03,8130
2019-03-20 02:00:00,1304.59,1316.98,1298.57,1312.34,27920
2019-03-21 00:00:00,1314.15,1319.0,1314.13,1318.14,7176
2019-03-21 01:00:00,1318.76,1320.35,1314.24,1316.03,9885
2019-03-21 02:00:00,1314.26,1318.5,1303.16,1309.28,24744
2019-03-22 00:00:00,1309.15,1310.3,1306.79,1308.15,6269
2019-03-22 01:00:00,1308.13,1313.84,1307.23,1312.59,13770
2019-03-22 02:00:00,1312.43,1314.92,1309.64,1313.07,23406
2019-03-25 00:00:00,1312.19,1316.43,1310.91,1316.09,7263
2019-03-25 01:00:00,1315.73,1319.02,1314.89,1317.37,8799
2019-03-25 02:00:00,1316.86,1324.49,1316.04,1322.01,21252
2019-03-26 00:00:00,1321.89,1323.21,1318.49,1318.85,6706
2019-03-26 01:00:00,1319.75,1319.82,1313.93,1314.61,9854
2019-03-26 02:00:00,1314.6,1318.81,1312.63,1315.1,18233
2019-03-27 00:00:00,1316.56,1318.43,1314.45,1315.3,8203
2019-03-27 01:00:00,1314.8,1319.27,1312.79,1318.51,13993
2019-03-27 02:00:00,1318.32,1319.0,1308.02,1309.63,28868
2019-03-28 00:00:00,1309.31,1311.68,1307.21,1311.27,5334
2019-03-28 01:00:00,1310.65,1312.24,1304.45,1304.82,8881
2019-03-28 02:00:00,1306.28,1306.5,1288.48,1289.87,27183
2019-03-29 00:00:00,1291.03,1292.59,1288.37,1289.56,4252
2019-03-29 01:00:00,1288.97,1292.42,1286.66,1291.56,9190
2019-03-29 02:00:00,1291.42,1299.71,1291.18,1292.16,24050
2019-04-01 00:00:00,1292.15,1293.76,1290.25,1293.57,5406
2019-04-01 01:00:00,1293.27,1293.87,1288.18,1290.03,7286
2019-04-01 02:00:00,1291.16,1296.97,1286.37,1287.47,23932
2019-04-02 00:00:00,1287.35,1289.13,1285.9,1285.9,4054
2019-04-02 01:00:00,1287.29,1289.43,1285.24,1287.67,5852
2019-04-02 02:00:00,1288.41,1291.91,1286.24,1291.71,16293
2019-04-03 00:00:00,1292.19,1293.27,1290.12,1292.37,4081
2019-04-03 01:00:00,1292.57,1293.75,1290.51,1292.73,5583
2019-04-03 02:00:00,1291.79,1294.52,1288.34,1290.15,17905
2019-04-04 00:00:00,1290.39,1292.71,1290.19,1292.6,3416
2019-04-04 01:00:00,1292.39,1293.55,1290.61,1291.1,5968
2019-04-04 02:00:00,1291.13,1294.35,1280.88,1292.93,18683
2019-04-05 00:00:00,1292.74,1293.53,1287.47,1288.61,3677
2019-04-05 01:00:00,1287.87,1290.83,1287.1,1289.89,4747
2019-04-05 02:00:00,1289.76,1293.18,1284.35,1291.33,19454
2019-04-08 00:00:00,1292.17,1296.99,1291.39,1296.75,4631
2019-04-08 01:00:00,1296.02,1297.97,1295.94,1297.26,4881
2019-04-08 02:00:00,1296.93,1303.66,1296.25,1297.83,14167
2019-04-09 00:00:00,1297.78,1300.03,1296.55,1299.21,6187
2019-04-09 01:00:00,1299.43,1302.81,1297.06,1301.9,7616
2019-04-09 02:00:00,1301.52,1306.15,1300.38,1304.03,19654
2019-04-10 00:00:00,1304.36,1305.12,1301.11,1302.63,4752
2019-04-10 01:00:00,1302.63,1305.26,1301.94,1304.07,6068
2019-04-10 02:00:00,1304.44,1310.53,1300.9,1307.94,23257
2019-04-11 00:00:00,1308.05,1309.13,1306.0,1306.09,5377
2019-04-11 01:00:00,1306.49,1308.2,1303.62,1304.17,6957
2019-04-11 02:00:00,1304.57,1305.15,1289.53,1292.1,28154
2019-04-12 00:00:00,1292.42,1293.93,1290.62,1292.4,5958
2019-04-12 01:00:00,1291.9,1295.76,1291.34,1294.29,9234
2019-04-12 02:00:00,1294.64,1295.16,1290.01,1291.18,20679
2019-04-15 00:00:00,1291.22,1291.89,1286.85,1289.12,7705
2019-04-15 01:00:00,1289.1,1289.49,1285.49,1285.58,6543
2019-04-15 02:00:00,1285.67,1290.09,1282.43,1287.8,16962
2019-04-16 00:00:00,1287.82,1288.72,1284.68,1285.3,5811
2019-04-16 01:00:00,1285.18,1287.35,1282.39,1283.08,9589
2019-04-16 02:00:00,1283.59,1284.98,1272.89,1276.49,22619
2019-04-17 00:00:00,1276.72,1277.95,1274.77,1277.57,6872
2019-04-17 01:00:00,1276.72,1279.71,1274.55,1276.62,9626
2019-04-17 02:00:00,1275.34,1277.83,1272.93,1274.01,16970
2019-04-18 00:00:00,1274.26,1274.73,1271.54,1271.99,5977
2019-04-18 01:00:00,1272.53,1277.65,1271.09,1275.49,9256
2019-04-18 02:00:00,1275.58,1276.93,1272.48,1275.41,17017
2019-04-22 00:00:00,1275.72,1279.73,1275.31,1279.14,6183
2019-04-22 01:00:00,1278.28,1279.48,1276.39,1279.28,4931
2019-04-22 02:00:00,1279.22,1279.77,1273.74,1275.05,11163
2019-04-23 00:00:00,1275.25,1276.44,1273.51,1274.83,4663
2019-04-23 01:00:00,1275.15,1275.43,1272.01,1272.67,6518
2019-04-23 02:00:00,1273.23,1273.8,1266.21,1272.14,20032
2019-04-24 00:00:00,1272.14,1272.14,1268.72,1269.45,6227
2019-04-24 01:00:00,1269.62,1273.88,1269.2,1271.93,6536
2019-04-24 02:00:00,1273.15,1278.49,1270.06,1275.4,20491
2019-04-25 00:00:00,1275.62,1276.75,1273.31,1275.93,6031
2019-04-25 01:00:00,1276.31,1278.49,1274.72,1277.49,8400
2019-04-25 02:00:00,1276.83,1282.53,1275.13,1277.23,20297
2019-04-26 00:00:00,1277.33,1281.01,1277.13,1279.61,7268
2019-04-26 01:00:00,1279.6,1283.17,1279.47,1280.13,7335
2019-04-26 02:00:00,1280.52,1288.67,1274.15,1286.08,24742
2019-04-29 00:00:00,1285.92,1286.65,1284.89,1285.59,4393
2019-04-29 01:00:00,1285.89,1285.98,1280.79,1282.77,7925
2019-04-29 02:00:00,1282.35,1284.42,1278.01,1279.45,18245
2019-04-30 00:00:00,1279.91,1283.17,1279.88,1283.07,4679
2019-04-30 01:00:00,1282.77,1285.36,1281.76,1284.88,8023
2019-04-30 02:00:00,1284.64,1286.14,1279.85,1283.85,24301
2019-05-01 00:00:00,1283.13,1283.55,1279.32,1280.07,3760
2019-05-01 01:00:00,1280.43,1282.73,1277.72,1282.3,5464
2019-05-01 02:00:00,1282.44,1287.23,1272.83,1276.13,34123
2019-05-02 00:00:00,1277.06,1277.91,1272.67,1274.31,5430
2019-05-02 01:00:00,1274.53,1274.64,1270.24,1271.02,7785
2019-05-02 02:00:00,1271.86,1272.88,1266.2,1270.9,25194
2019-05-03 00:00:00,1270.52,1272.77,1270.26,1272.31,4207
2019-05-03 01:00:00,1272.31,1272.77,1269.15,1270.47,7340
2019-05-03 02:00:00,1270.16,1282.52,1268.13,1278.57,28598
2019-05-06 00:00:00,1282.56,1285.77,1281.57,1283.11,11735
2019-05-06 01:00:00,1283.5,1283.9,1280.79,1281.3,8112
2019-05-06 02:00:00,1281.81,1282.92,1276.93,1280.27,20658
2019-05-07 00:00:00,1281.33,1283.52,1281.0,1283.45,6455
2019-05-07 01:00:00,1283.02,1283.63,1280.62,1281.69,10118
2019-05-07 02:00:00,1281.72,1286.03,1278.13,1284.36,23890
2019-05-08 00:00:00,1283.91,1287.25,1283.12,1286.78,5957
2019-05-08 01:00:00,1286.64,1289.55,1285.32,1288.15,8768
2019-05-08 02:00:00,1289.16,1291.44,1279.27,1280.35,28342
2019-05-09 00:00:00,1281.23,1282.73,1279.56,1281.77,8033
2019-05-09 01:00:00,1281.16,1285.57,1280.91,1284.83,10318
2019-05-09 02:00:00,1284.28,1288.17,1280.25,1283.82,28535
2019-05-10 00:00:00,1284.43,1286.19,1283.11,1285.97,12904
2019-05-10 01:00:00,1284.99,1286.84,1283.24,1285.71,9584
2019-05-10 02:00:00,1285.31,1289.37,1284.29,1285.85,27417
2019-05-13 00:00:00,1287.13,1288.5,1282.82,1283.45,7095
2019-05-13 01:00:00,1283.63,1285.0,1281.9,1283.72,7471
2019-05-13 02:00:00,1283.51,1301.19,1282.97,1299.56,30767
2019-05-14 00:00:00,1300.59,1303.23,1298.1,1299.13,8387
2019-05-14 01:00:00,1299.24,1300.01,1296.8,1297.61,6949
2019-05-14 02:00:00,1298.08,1299.52,1293.65,1296.88,17740
2019-05-15 00:00:00,1297.04,1298.12,1295.23,1295.48,5828
2019-05-15 01:00:00,1295.64,1299.12,1292.99,1298.26,8985
2019-05-15 02:00:00,1298.25,1300.84,1294.66,1296.0,24707
2019-05-16 00:00:00,1296.45,1297.25,1295.03,1296.02,4503
2019-05-16 01:00:00,1296.08,1298.72,1293.95,1294.67,8834
2019-05-16 02:00:00,1295.16,1295.25,1283.97,1286.35,24378
2019-05-17 00:00:00,1286.54,1286.81,1284.73,1285.93,6028
2019-05-17 01:00:00,1286.24,1288.89,1284.4,1284.5,7601
2019-05-17 02:00:00,1285.15,1287.21,1274.72,1277.63,25749
2019-05-20 00:00:00,1278.29,1278.85,1275.94,1276.6,6896
2019-05-20 01:00:00,1276.83,1277.11,1273.61,1274.9,7029
2019-05-20 02:00:00,1274.91,1278.95,1274.49,1277.76,17635
2019-05-21 00:00:00,1277.54,1277.86,1275.27,1275.78,5212
2019-05-21 01:00:00,1275.59,1276.59,1274.21,1276.04,6073
2019-05-21 02:00:00,1275.68,1276.28,1269.41,1274.64,18754
2019-05-22 00:00:00,1274.5,1275.25,1273.13,1273.87,4903
2019-05-22 01:00:00,1273.96,1274.71,1272.43,1273.9,5988
2019-05-22 02:00:00,1273.73,1277.26,1273.04,1273.63,18012
2019-05-23 00:00:00,1273.64,1274.57,1272.78,1273.02,4414
2019-05-23 01:00:00,1273.02,1277.72,1272.83,1276.69,7842
2019-05-23 02:00:00,1275.96,1287.27,1275.87,1283.51,30952
2019-05-24 00:00:00,1283.49,1284.49,1282.44,1283.56,5771
2019-05-24 01:00:00,1283.87,1285.2,1280.84,1280.85,9001
2019-05-24 02:00:00,1281.52,1285.01,1280.71,1284.54,18264
2019-05-27 00:00:00,1285.21,1287.33,1283.72,1287.18,5965
2019-05-27 01:00:00,1286.9,1287.29,1285.19,1285.91,5405
2019-05-27 02:00:00,1286.03,1286.4,1284.79,1284.95,4643
2019-05-28 00:00:00,1285.2,1286.51,1282.6,1283.22,5791
2019-05-28 01:00:00,1283.03,1285.06,1282.28,1283.59,9183
2019-05-28 02:00:00,1283.38,1284.4,1276.09,1279.6,23962
2019-05-29 00:00:00,1279.39,1281.93,1279.11,1280.69,6760
2019-05-29 01:00:00,1279.57,1285.41,1279.54,1283.33,11121
2019-05-29 02:00:00,1282.99,1285.51,1279.12,1279.94,28557
2019-05-30 00:00:00,1280.0,1280.28,1277.17,1277.59,5699
2019-05-30 01:00:00,1277.9,1278.33,1274.95,1276.2,8223
2019-05-30 02:00:00,1276.52,1289.17,1275.8,1288.7,23948
2019-05-31 00:00:00,1288.29,1293.07,1287.93,1291.91,7481
2019-05-31 01:00:00,1291.5,1299.21,1291.19,1298.45,11105
2019-05-31 02:00:00,1298.78,1306.92,1295.37,1305.32,29304
2019-06-03 00:00:00,1306.59,1312.69,1306.49,1311.63,8907
2019-06-03 01:00:00,1311.91,1317.16,1309.2,1317.03,11405
2019-06-03 02:00:00,1314.35,1327.92,1312.69,1324.99,31471
2019-06-04 00:00:00,1324.89,1327.24,1321.57,1322.82,7821
2019-06-04 01:00:00,1322.51,1329.0,1322.1,1326.05,12039
2019-06-04 02:00:00,1324.89,1328.87,1319.87,1325.24,31262
2019-06-05 00:00:00,1325.24,1327.5,1324.49,1326.0,6352
2019-06-05 01:00:00,1326.64,1338.72,1325.53,1336.95,14246
2019-06-05 02:00:00,1337.81,1344.04,1326.83,1330.89,45692
2019-06-06 00:00:00,1332.17,1333.75,1327.18,1331.1,7764
2019-06-06 01:00:00,1331.27,1337.27,1330.27,1336.36,10794
2019-06-06 02:00:00,1336.21,1339.79,1332.97,1333.92,37377
2019-06-07 00:00:00,1335.9,1335.9,1332.11,1333.2,6555
2019-06-07 01:00:00,1333.04,1336.06,1330.23,1333.05,7877
2019-06-07 02:00:00,1332.95,1348.23,1332.73,1340.89,38803
2019-06-10 00:00:00,1334.62,1337.65,1328.43,1328.46,11820
2019-06-10 01:00:00,1329.45,1329.77,1325.03,1328.66,11004
2019-06-10 02:00:00,1328.18,1330.07,1325.06,1328.16,26224
2019-06-11 00:00:00,1328.06,1329.84,1327.56,1328.59,8414
2019-06-11 01:00:00,1328.62,1329.23,1321.16,1322.45,12459
2019-06-11 02:00:00,1322.4,1328.73,1319.83,1326.87,26979
2019-06-12 00:00:00,1326.87,1333.62,1325.98,1332.11,7847
2019-06-12 01:00:00,1332.38,1338.38,1331.8,1335.4,12714
2019-06-12 02:00:00,1336.21,1337.03,1329.8,1332.94,31465
2019-06-13 00:00:00,1333.66,1337.7,1332.38,1334.73,8752
2019-06-13 01:00:00,1334.19,1339.0,1334.05,1336.25,13149
2019-06-13 02:00:00,1337.09,1343.09,1333.71,1342.13,22336
2019-06-14 00:00:00,1342.27,1347.85,1341.81,1345.48,9154
2019-06-14 01:00:00,1345.53,1358.12,1344.3,1355.48,15744
2019-06-14 02:00:00,1354.13,1355.64,1337.73,1341.67,38041
2019-06-17 00:00:00,1341.76,1343.47,1336.12,1341.8,8898
2019-06-17 01:00:00,1342.19,1342.29,1332.93,1334.62,12586
2019-06-17 02:00:00,1333.89,1343.19,1333.14,1339.75,28451
2019-06-18 00:00:00,1340.04,1342.03,1338.59,1341.57,6792
2019-06-18 01:00:00,1340.85,1347.97,1340.74,1345.41,17099
2019-06-18 02:00:00,1346.14,1354.57,1339.27,1346.09,48420
2019-06-19 00:00:00,1346.14,1346.87,1342.14,1345.09,10824
2019-06-19 01:00:00,1344.23,1347.49,1341.76,1342.58,14892
2019-06-19 02:00:00,1342.18,1362.54,1341.31,1360.19,46889
2019-06-20 00:00:00,1359.47,1390.4654411192382,1357.65,1378.35,25595
2019-06-20 01:00:00,1380.67,1386.77,1377.79,1381.22,27090
2019-06-20 02:00:00,1383.14,1393.29,1379.53,1387.42,51386
2019-06-21 00:00:00,1387.4,1411.76,1386.88,1405.24,25811
2019-06-21 01:00:00,1404.86,1406.39,1382.48,1390.64,34120
2019-06-21 02:00:00,1388.82,1400.58,1387.56,1399.21,60690
2019-06-24 00:00:00,1399.87,1411.13,1399.42,1402.61,22488
2019-06-24 01:00:00,1403.01,1408.7,1400.76,1407.68,18401
2019-06-24 02:00:00,1406.49,1420.2,1404.43,1419.8,39348
2019-06-25 00:00:00,1418.0,1439.21,1417.21,1436.36,32375
2019-06-25 01:00:00,1436.15,1439.21,1420.29,1430.17,35447
2019-06-25 02:00:00,1428.6,1436.25,1411.82,1422.7,67036
2019-06-26 00:00:00,1419.69,1422.04,1403.36,1408.32,28446
2019-06-26 01:00:00,1405.02,1413.16,1403.78,1405.76,30885
2019-06-26 02:00:00,1407.06,1415.21,1401.82,1409.37,53746
2019-06-27 00:00:00,1407.94,1412.12,1405.07,1405.21,18064
2019-06-27 01:00:00,1407.42,1408.45,1401.11,1404.72,21597
2019-06-27 02:00:00,1404.66,1409.47,1398.59,1408.14,40069
2019-06-28 00:00:00,1408.7,1424.6,1408.21,1419.17,20982
2019-06-28 01:00:00,1419.71,1421.57,1408.79,1413.47,24019
2019-06-28 02:00:00,1413.13,1415.19,1405.63,1410.05,36820
2019-07-01 00:00:00,1391.67,1397.72,1389.01,1392.01,24947
2019-07-01 01:00:00,1391.97,1392.81,1381.66,1389.53,25729
2019-07-01 02:00:00,1389.5,1396.32,1382.93,1383.18,41745
2019-07-02 00:00:00,1383.94,1391.45,1383.74,1389.59,14070
2019-07-02 01:00:00,1388.48,1394.41,1388.48,1392.81,16028
2019-07-02 02:00:00,1392.89,1416.21,1389.83,1414.03,48934
2019-07-03 00:00:00,1419.5186163700635,1435.1337714937865,1418.1155338045457,1427.39,36285
2019-07-03 01:00:00,1424.07,1428.7,1422.29,1425.03,22887
2019-07-03 02:00:00,1425.01,1426.29,1411.96,1418.79,41100
2019-07-04 00:00:00,1420.14,1421.61,1414.99,1419.11,12517
2019-07-04 01:00:00,1419.07,1419.64,1410.13,1414.93,13870
2019-07-04 02:00:00,1415.15,1417.38,1412.7,1415.29,12140
2019-07-05 00:00:00,1416.39,1424.15,1414.45,1417.16,13919
2019-07-05 01:00:00,1418.09,1418.37,1412.13,1413.88,13101
2019-07-05 02:00:00,1414.1,1416.17,1389.2180813197665,1399.23,50743
2019-07-08 00:00:00,1399.09,1400.16,1392.67,1399.03,14687
2019-07-08 01:00:00,1398.68,1407.53,1398.29,1405.07,15690
2019-07-08 02:00:00,1405.16,1407.04,1391.68,1394.59,29177
2019-07-09 00:00:00,1394.69,1395.96,1390.47,1395.21,9487
2019-07-09 01:00:00,1394.3,1396.41,1385.69,1387.71,14712
2019-07-09 02:00:00,1388.03,1399.93,1386.46,1397.01,28171
2019-07-10 00:00:00,1395.68,1397.09,1391.13,1392.71,9147
2019-07-10 01:00:00,1392.83,1396.99,1389.81,1395.49,11615
2019-07-10 02:00:00,1395.58,1418.55,1391.36,1417.01,48175
2019-07-11 00:00:00,1419.07,1427.07,1415.7565884818514,1424.35,15755
2019-07-11 01:00:00,1423.98,1424.93,1419.32,1421.53,13403
2019-07-11 02:00:00,1422.15,1422.15,1403.51,1405.36,37396
2019-07-12 00:00:00,1404.51,1409.96,1403.6,1407.9,10110
2019-07-12 01:00:00,1407.75,1412.35,1404.15,1406.33,13583
2019-07-12 02:00:00,1405.93,1416.84,1403.08,1414.27,30239
2019-07-15 00:00:00,1416.52,1419.73,1409.39,1411.07,12970
2019-07-15 01:00:00,1411.9,1417.14,1410.06,1415.28,11093
2019-07-15 02:00:00,1416.09,1416.87,1407.63,1415.7,24639
2019-07-16 00:00:00,1414.44,1418.22,1411.01,1413.65,9118
2019-07-16 01:00:00,1413.19,1416.24,1412.02,1414.85,9408
2019-07-16 02:00:00,1415.25,1415.37,1400.68,1403.91,36711
2019-07-17 00:00:00,1406.48,1406.87,1403.37,1405.13,6919
2019-07-17 01:00:00,1404.79,1406.33,1400.01,1401.19,8955
2019-07-17 02:00:00,1401.22,1426.49,1400.85,1425.61,35595
2019-07-18 00:00:00,1426.3,1428.33,1421.59,1422.54,12219
2019-07-18 01:00:00,1422.64,1423.85,1418.77,1421.14,14158
2019-07-18 02:00:00,1421.34,1448.07,1414.56,1445.93,52871
2019-07-19 00:00:00,1445.4722551380523,1452.92,1438.61,1442.99,21257
2019-07-19 01:00:00,1442.96,1443.79,1436.3,1438.93,17678
2019-07-19 02:00:00,1439.75,1441.76,1420.13,1425.55,53961
2019-07-22 00:00:00,1426.44,1428.72,1422.18,1427.07,10984
2019-07-22 01:00:00,1426.95,1429.98,1424.2,1426.13,12897
2019-07-22 02:00:00,1424.85,1429.05,1423.65,1424.79,38461
2019-07-23 00:00:00,1424.71,1424.83,1415.87,1417.43,11728
2019-07-23 01:00:00,1417.67,1420.09,1414.13,1419.06,12944
2019-07-23 02:00:00,1418.27,1430.21,1416.04,1416.17,38247
2019-07-24 00:00:00,1417.19,1422.38,1416.27,1420.45,8410
2019-07-24 01:00:00,1420.56,1426.83,1418.33,1425.15,14902
2019-07-24 02:00:00,1426.48,1429.51,1420.43,1425.13,36269
2019-07-25 00:00:00,1425.24,1426.55,1421.65,1422.53,8452
2019-07-25 01:00:00,1422.24,1427.72,1421.74,1426.78,9827
2019-07-25 02:00:00,1426.19,1433.73,1411.0,1414.31,53445
2019-07-26 00:00:00,1414.84,1417.78,1413.68,1416.41,6892
2019-07-26 01:00:00,1416.31,1419.84,1413.9,1418.73,10518
2019-07-26 02:00:00,1418.62,1424.79,1413.4,1417.83,30586
2019-07-29 00:00:00,1420.75,1424.24,1418.88,1420.45,6830
2019-07-29 01:00:00,1420.53,1420.75,1417.41,1419.76,8281
2019-07-29 02:00:00,1418.65,1428.11,1414.8,1426.18,22191
2019-07-30 00:00:00,1425.73,1425.88,1422.26,1425.07,7750
2019-07-30 01:00:00,1424.93,1429.15,1422.68,1427.84,10705
2019-07-30 02:00:00,1428.32,1433.2,1424.82,1430.87,27484
2019-07-31 00:00:00,1430.57,1431.91,1427.61,1428.15,6730
2019-07-31 01:00:00,1428.12,1432.83,1427.77,1431.23,10127
2019-07-31 02:00:00,1430.91,1434.47,1410.17,1413.87,58450
2019-08-01 00:00:00,1415.85,1416.14,1404.23,1410.52,14798
2019-08-01 01:00:00,1410.09,1410.64,1402.79,1406.98,14001
2019-08-01 02:00:00,1407.37,1442.600872203357,1400.44,1439.2886592597383,63344
2019-08-02 00:00:00,1441.8571011217548,1445.59,1427.3653018228558,1432.03,27198
2019-08-02 01:00:00,1430.94,1440.11,1430.93,1436.23,24007
2019-08-02 02:00:00,1436.9,1447.93,1430.91,1441.41,60857
2019-08-05 00:00:00,1440.29,1455.98,1436.67,1452.65,30153
2019-08-05 01:00:00,1452.23,1459.79,1450.76,1456.94,23514
2019-08-05 02:00:00,1456.74,1469.72,1452.91,1463.56,59227
2019-08-06 00:00:00,1467.57,1474.81,1456.33,1460.58,31491
2019-08-06 01:00:00,1460.87,1465.19,1456.33,1463.97,25649
2019-08-06 02:00:00,1463.07,1473.9,1462.02,1473.84,45505
2019-08-07 00:00:00,1474.58,1490.09,1472.18,1484.99,26075
2019-08-07 01:00:00,1486.19,1491.21,1481.23,1488.99,22330
2019-08-07 02:00:00,1487.0,1510.33,1486.79,1500.75,87555
2019-08-08 00:00:00,1498.84,1506.67,1491.61,1501.06,26051
2019-08-08 01:00:00,1499.36,1503.74,1495.49,1495.94,19618
2019-08-08 02:00:00,1495.61,1509.53,1489.97,1501.72,56800
2019-08-09 00:00:00,1506.34,1507.85,1499.05,1506.81,19684
2019-08-09 01:00:00,1506.53,1508.09,1500.37,1503.76,17784
2019-08-09 02:00:00,1503.33,1505.89,1494.74,1498.15,52092
2019-08-12 00:00:00,1496.05,1501.49,1494.35,1496.72,12460
2019-08-12 01:00:00,1496.84,1506.36,1487.2,1504.41,22881
2019-08-12 02:00:00,1504.48,1519.99,1499.78,1512.27,43451
2019-08-13 00:00:00,1510.51,1518.21,1509.56,1515.91,17382
2019-08-13 01:00:00,1516.56,1534.95,1515.46,1531.61,25195
2019-08-13 02:00:00,1532.2,1534.95,1483.173004727737,1502.1590056154562,81410
2019-08-14 00:00:00,1504.3349784421741,1506.9011583071438,1493.78,1499.35,21612
2019-08-14 01:00:00,1502.06,1508.87,1496.61,1507.13,23993
2019-08-14 02:00:00,1500.83,1524.03,1500.83,1513.93,80224
2019-08-15 00:00:00,1518.59,1524.24,1514.89,1520.73,22420
2019-08-15 01:00:00,1520.56,1522.13,1507.81,1520.61,34155
2019-08-15 02:00:00,1518.27,1526.97,1508.82,1524.35,82756
2019-08-16 00:00:00,1521.85,1527.97,1516.78,1520.92,18610
2019-08-16 01:00:00,1521.01,1522.21,1505.57,1512.38,24253
2019-08-16 02:00:00,1509.41,1517.35,1503.63,1512.67,46354
2019-08-19 00:00:00,1509.43,1512.9,1505.02,1508.84,17120
2019-08-19 01:00:00,1508.79,1509.67,1497.6,1500.15,20044
2019-08-19 02:00:00,1497.85,1503.38,1493.18,1496.03,41589
2019-08-20 00:00:00,1496.54,1499.45,1492.93,1494.82,12011
2019-08-20 01:00:00,1495.12,1505.19,1494.51,1503.53,16808
2019-08-20 02:00:00,1504.29,1508.55,1501.4,1507.0,36062
2019-08-21 00:00:00,1506.52,1508.03,1501.91,1503.37,9730
2019-08-21 01:00:00,1502.88,1504.39,1496.43,1500.69,15261
2019-08-21 02:00:00,1500.16,1507.42,1498.15,1502.32,37686
2019-08-22 00:00:00,1501.86,1504.52,1499.83,1500.38,9113
2019-08-22 01:00:00,1501.49,1502.23,1495.69,1496.51,17896
2019-08-22 02:00:00,1498.01,1504.55,1492.43,1498.41,40843
2019-08-23 00:00:00,1498.54,1498.66,1493.86,1493.86,8940
2019-08-23 01:00:00,1494.5,1497.82,1493.47,1495.84,10666
2019-08-23 02:00:00,1496.41,1527.0009483804924,1494.68,1523.645754945771,79297
2019-08-26 00:00:00,1540.7850979697223,1552.0691896760984,1533.6988584299625,1541.68,35123
2019-08-26 01:00:00,1539.2,1544.07,1524.93,1530.05,40758
2019-08-26 02:00:00,1531.82,1537.18,1526.05,1528.8,56083
2019-08-27 00:00:00,1527.27,1530.13,1525.63,1528.21,12398
2019-08-27 01:00:00,1528.94,1534.95,1527.45,1531.01,21474
2019-08-27 02:00:00,1531.17,1544.65,1528.34,1542.67,51011
2019-08-28 00:00:00,1540.96,1544.61,1531.79,1535.89,20881
2019-08-28 01:00:00,1536.15,1543.52,1535.23,1542.27,21829
2019-08-28 02:00:00,1542.31,1546.83,1533.68,1539.03,48229
2019-08-29 00:00:00,1539.02,1543.89,1537.69,1543.79,11849
2019-08-29 01:00:00,1542.73,1550.3,1536.65,1538.59,31430
2019-08-29 02:00:00,1538.59,1545.18,1519.52,1527.14,65996
2019-08-30 00:00:00,1527.53,1528.75,1522.09,1525.49,16221
2019-08-30 01:00:00,1524.36,1533.11,1521.87,1525.7,24449
2019-08-30 02:00:00,1525.38,1532.71,1516.93,1523.54,52943
2019-09-02 00:00:00,1529.39,1533.77,1522.69,1525.59,16163
2019-09-02 01:00:00,1525.59,1526.44,1519.22,1524.76,15083
2019-09-02 02:00:00,1525.6,1531.15,1523.27,1528.96,20916
2019-09-03 00:00:00,1526.91,1527.31,1521.61,1524.89,13061
2019-09-03 01:00:00,1523.39,1533.8,1523.25,1532.33,25443
2019-09-03 02:00:00,1532.85,1549.68,1529.0,1545.39,63758
2019-09-04 00:00:00,1546.53,1550.06,1540.13,1543.11,20868
2019-09-04 01:00:00,1543.15,1544.13,1535.23,1537.05,23005
2019-09-04 02:00:00,1538.29,1556.98,1533.78,1554.27,53353
2019-09-05 00:00:00,1551.44,1552.95,1541.73,1545.29,22663
2019-09-05 01:00:00,1545.52,1550.14,1538.58,1539.49,23854
2019-09-05 02:00:00,1540.83,1544.63,1509.4617491841918,1518.43,58964
2019-09-06 00:00:00,1518.45,1522.765773503133,1512.65,1516.74,17884
2019-09-06 01:00:00,1514.35,1519.31,1502.78,1507.86,28086
2019-09-06 02:00:00,1505.07,1527.81,1502.47,1506.59,65640
2019-09-09 00:00:00,1503.51,1512.5,1502.43,1509.75,20226
2019-09-09 01:00:00,1509.57,1511.45,1504.4,1509.63,16541
2019-09-09 02:00:00,1509.03,1515.43,1497.54,1499.3,45724
2019-09-10 00:00:00,1498.32,1499.87,1486.38,1489.96,19005
2019-09-10 01:00:00,1489.83,1496.76,1487.71,1493.93,17339
2019-09-10 02:00:00,1495.18,1500.97,1485.56,1486.38,51596
2019-09-11 00:00:00,1486.28,1492.97,1485.99,1490.99,12899
2019-09-11 01:00:00,1490.99,1494.94,1488.83,1492.39,18667
2019-09-11 02:00:00,1492.56,1498.23,1486.76,1496.03,36543
2019-09-12 00:00:00,1496.74,1498.39,1489.16,1494.57,15338
2019-09-12 01:00:00,1493.41,1505.8,1493.03,1502.76,17460
2019-09-12 02:00:00,1503.67,1524.13,1496.89,1498.18,61817
2019-09-13 00:00:00,1497.62,1500.95,1495.37,1497.85,10351
2019-09-13 01:00:00,1497.55,1507.74,1496.63,1506.74,16123
2019-09-13 02:00:00,1506.22,1508.94,1485.71,1487.77,48026
2019-09-16 00:00:00,1500.71,1512.09,1498.38,1505.27,26130
2019-09-16 01:00:00,1503.0,1507.07,1498.92,1504.15,19811
2019-09-16 02:00:00,1503.74,1506.21,1495.83,1498.02,40146
2019-09-17 00:00:00,1498.49,1500.84,1496.81,1498.29,14197
2019-09-17 01:00:00,1497.98,1500.01,1493.39,1497.76,14304
2019-09-17 02:00:00,1497.98,1507.03,1495.68,1501.34,39711
2019-09-18 00:00:00,1501.47,1503.54,1500.41,1502.67,9527
2019-09-18 01:00:00,1502.84,1503.38,1500.66,1501.31,8350
2019-09-18 02:00:00,1502.56,1511.54,1482.97,1493.71,47827
2019-09-19 00:00:00,1492.89,1495.11,1488.92,1494.67,16571
2019-09-19 01:00:00,1494.38,1498.95,1493.49,1495.93,18656
2019-09-19 02:00:00,1496.64,1504.45,1495.61,1498.47,40539
2019-09-20 00:00:00,1499.19,1504.27,1497.89,1504.05,9515
2019-09-20 01:00:00,1503.47,1506.77,1502.75,1504.73,13289
2019-09-20 02:00:00,1503.45,1517.01,1498.57,1515.83,38598
2019-09-23 00:00:00,1512.63,1519.47,1511.61,1516.19,14998
2019-09-23 01:00:00,1516.61,1521.15,1511.48,1519.06,19674
2019-09-23 02:00:00,1518.09,1526.77,1516.3,1523.04,37769
2019-09-24 00:00:00,1523.09,1523.18,1519.37,1521.35,9587
2019-09-24 01:00:00,1521.17,1523.85,1519.27,1521.92,14868
2019-09-24 02:00:00,1520.86,1535.63,1515.55,1531.26,53609
2019-09-25 00:00:00,1533.29,1535.08,1527.93,1529.83,14024
2019-09-25 01:00:00,1529.85,1532.84,1527.57,1529.77,16229
2019-09-25 02:00:00,1530.27,1530.67,1503.077539898457,1507.0353810543952,55289
2019-09-26 00:00:00,1506.316491646921,1510.13,1503.52,1508.95,11931
2019-09-26 01:00:00,1508.97,1511.07,1505.3,1508.89,14501
2019-09-26 02:00:00,1507.68,1512.25,1500.25,1505.09,49183
2019-09-27 00:00:00,1503.95,1507.34,1503.93,1506.49,9591
2019-09-27 01:00:00,1506.69,1506.93,1491.45,1493.45,20690
2019-09-27 02:00:00,1493.99,1503.02,1486.79,1497.35,59429
2019-09-30 00:00:00,1496.25,1500.41,1491.01,1492.51,14213
2019-09-30 01:00:00,1491.91,1494.37,1485.39,1486.83,21934
2019-09-30 02:00:00,1487.83,1488.24,1464.43,1473.13,50900
2019-10-01 00:00:00,1472.93,1474.69,1462.63,1464.96,11223
2019-10-01 01:00:00,1463.33,1469.29,1459.03,1468.12,22987
2019-10-01 02:00:00,1466.89,1487.19,1461.98,1480.67,59590
2019-10-02 00:00:00,1480.06,1482.37,1476.56,1476.72,9707
2019-10-02 01:00:00,1477.18,1484.92,1474.44,1483.53,21082
2019-10-02 02:00:00,1483.63,1505.02,1482.61,1499.8,61319
2019-10-03 00:00:00,1498.96,1502.7,1497.81,1498.69,10614
2019-10-03 01:00:00,1498.63,1504.5,1495.76,1501.23,24041
2019-10-03 02:00:00,1500.33,1519.48,1498.15,1505.35,60437
2019-10-04 00:00:00,1506.04,1509.97,1505.55,1508.43,10185
2019-10-04 01:00:00,1509.81,1509.97,1506.35,1509.35,19964
2019-10-04 02:00:00,1509.35,1515.54,1495.77,1503.61,59247
2019-10-07 00:00:00,1508.53,1509.25,1505.34,1506.08,11059
2019-10-07 01:00:00,1506.7,1507.63,1500.39,1501.19,22267
2019-10-07 02:00:00,1502.81,1504.08,1487.97,1492.0,55188
2019-10-08 00:00:00,1493.37,1494.23,1486.81,1491.11,16989
2019-10-08 01:00:00,1491.24,1504.78,1488.58,1502.89,27703
2019-10-08 02:00:00,1501.13,1509.65,1497.74,1505.87,66616
2019-10-09 00:00:00,1506.45,1509.32,1503.89,1506.11,10343
2019-10-09 01:00:00,1505.48,1511.34,1499.82,1501.99,28410
2019-10-09 02:00:00,1501.23,1512.34,1499.8,1505.47,50328
2019-10-10 00:00:00,1505.7,1516.98,1505.44,1508.86,23526
2019-10-10 01:00:00,1508.83,1510.33,1503.76,1506.92,27390
2019-10-10 02:00:00,1508.33,1511.22,1491.62,1493.97,67293
2019-10-11 00:00:00,1494.46,1497.12,1490.76,1495.13,13760
2019-10-11 01:00:00,1495.32,1503.13,1492.41,1493.55,27745
2019-10-11 02:00:00,1495.06,1495.81,1473.93,1487.13,80376
2019-10-14 00:00:00,1486.43,1488.15,1482.77,1485.97,16597
2019-10-14 01:00:00,1486.27,1496.22,1485.58,1495.48,20793
2019-10-14 02:00:00,1494.29,1497.06,1488.58,1492.21,39452
2019-10-15 00:00:00,1492.37,1495.37,1490.74,1494.06,11591
2019-10-15 01:00:00,1494.44,1496.89,1488.74,1496.67,23427
2019-10-15 02:00:00,1494.15,1498.53,1477.13,1481.24,52164
2019-10-16 00:00:00,1481.09,1484.91,1480.41,1484.25,13706
2019-10-16 01:00:00,1483.29,1485.75,1478.47,1482.86,27203
2019-10-16 02:00:00,1482.05,1491.51,1476.96,1489.84,54264
2019-10-17 00:00:00,1489.99,1493.03,1487.46,1488.35,10319
2019-10-17 01:00:00,1488.39,1491.81,1483.37,1485.96,22429
2019-10-17 02:00:00,1485.83,1497.31,1484.44,1491.77,51021
2019-10-18 00:00:00,1491.98,1494.17,1490.66,1491.76,10647
2019-10-18 01:00:00,1492.27,1492.95,1486.95,1488.36,19991
2019-10-18 02:00:00,1488.43,1493.41,1484.81,1490.49,43010
2019-10-21 00:00:00,1491.65,1492.03,1489.05,1489.68,10887
2019-10-21 01:00:00,1490.34,1493.82,1487.31,1490.75,21833
2019-10-21 02:00:00,1491.56,1495.17,1481.42,1484.22,41838
2019-10-22 00:00:00,1484.53,1484.86,1480.78,1484.31,13242
2019-10-22 01:00:00,1484.23,1488.93,1484.06,1487.84,16958
2019-10-22 02:00:00,1487.74,1488.85,1482.68,1487.71,40997
2019-10-23 00:00:00,1487.93,1490.57,1487.62,1489.21,11643
2019-10-23 01:00:00,1489.15,1494.99,1488.09,1492.42,17549
2019-10-23 02:00:00,1493.21,1496.23,1490.02,1491.5,38354
2019-10-24 00:00:00,1491.33,1493.55,1490.9,1492.4,6826
2019-10-24 01:00:00,1492.29,1493.49,1487.93,1489.29,21522
2019-10-24 02:00:00,1488.69,1503.96,1488.56,1502.53,40648
2019-10-25 00:00:00,1503.03,1503.53,1500.72,1502.83,9956
2019-10-25 01:00:00,1502.6,1506.91,1502.28,1504.82,19445
2019-10-25 02:00:00,1504.71,1517.93,1500.55,1504.53,48335
2019-10-28 00:00:00,1503.29,1506.14,1502.95,1504.38,10636
2019-10-28 01:00:00,1503.65,1508.17,1503.2,1504.66,19121
2019-10-28 02:00:00,1504.46,1506.25,1489.93,1492.54,49281
2019-10-29 00:00:00,1491.81,1492.96,1490.08,1492.05,10592
2019-10-29 01:00:00,1491.72,1494.71,1484.31,1488.53,21471
2019-10-29 02:00:00,1486.76,1492.43,1483.33,1487.9,44395
2019-10-30 00:00:00,1487.39,1489.41,1486.9,1488.31,10633
2019-10-30 01:00:00,1489.13,1493.83,1487.14,1492.96,17840
2019-10-30 02:00:00,1493.01,1496.52,1481.08,1495.6,47999
2019-10-31 00:00:00,1495.77,1499.47,1493.89,1497.31,11080
2019-10-31 01:00:00,1497.05,1507.91,1496.85,1506.53,18557
2019-10-31 02:00:00,1505.07,1514.19,1504.66,1512.13,42622
2019-11-01 00:00:00,1512.49,1513.61,1509.79,1510.57,9687
2019-11-01 01:00:00,1510.59,1514.69,1509.11,1510.85,16347
2019-11-01 02:00:00,1510.38,1516.09,1503.22,1513.9,48732
2019-11-04 00:00:00,1512.69,1513.75,1510.97,1511.02,7565
2019-11-04 01:00:00,1511.71,1513.99,1508.52,1510.71,14874
2019-11-04 02:00:00,1510.45,1514.77,1504.34,1510.23,39504
2019-11-05 00:00:00,1508.83,1509.61,1504.69,1506.3,10044
2019-11-05 01:00:00,1505.64,1507.61,1501.71,1504.33,19285
2019-11-05 02:00:00,1503.93,1505.29,1479.31,1484.49,59758
2019-11-06 00:00:00,1483.71,1487.28,1483.57,1485.4,10395
2019-11-06 01:00:00,1485.72,1488.74,1483.75,1485.36,20941
2019-11-06 02:00:00,1485.94,1494.13,1482.91,1490.81,41736
2019-11-07 00:00:00,1489.79,1491.93,1489.63,1491.29,9389
2019-11-07 01:00:00,1491.14,1492.21,1480.99,1482.06,28472
2019-11-07 02:00:00,1482.11,1488.09,1460.46,1468.13,66166
2019-11-08 00:00:00,1468.11,1469.47,1465.62,1469.45,13457
2019-11-08 01:00:00,1469.05,1472.87,1462.73,1463.28,22657
2019-11-08 02:00:00,1466.38,1468.21,1456.12,1458.26,49537
2019-11-11 00:00:00,1460.22,1463.71,1459.08,1462.53,9200
2019-11-11 01:00:00,1462.4,1466.36,1461.79,1465.01,17543
2019-11-11 02:00:00,1465.43,1465.63,1448.15,1455.34,36981
2019-11-12 00:00:00,1454.99,1456.91,1454.73,1455.21,7994
2019-11-12 01:00:00,1456.01,1456.31,1448.78,1453.37,28697
2019-11-12 02:00:00,1454.4,1460.32,1445.57,1458.18,54555
2019-11-13 00:00:00,1457.29,1460.84,1456.64,1460.77,9886
2019-11-13 01:00:00,1460.13,1466.35,1457.74,1464.91,26750
2019-11-13 02:00:00,1463.62,1467.0,1460.32,1462.33,50084
2019-11-14 00:00:00,1463.99,1465.13,1461.07,1464.76,9706
2019-11-14 01:00:00,1464.73,1470.47,1463.97,1468.52,24951
2019-11-14 02:00:00,1468.23,1474.55,1464.58,1470.97,46658
2019-11-15 00:00:00,1471.22,1471.31,1465.45,1466.09,9273
2019-11-15 01:00:00,1466.48,1466.9,1462.37,1466.16,18310
2019-11-15 02:00:00,1465.36,1469.14,1463.53,1466.83,37404
2019-11-18 00:00:00,1467.85,1469.58,1464.81,1465.47,8162
2019-11-18 01:00:00,1466.21,1466.37,1457.32,1459.05,20416
2019-11-18 02:00:00,1457.96,1473.89,1456.28,1471.11,38550
2019-11-19 00:00:00,1470.65,1475.23,1469.04,1469.58,10395
2019-11-19 01:00:00,1470.28,1473.16,1464.72,1467.31,23873
2019-11-19 02:00:00,1465.33,1475.12,1465.2,1472.4,39313
2019-11-20 00:00:00,1473.67,1475.19,1471.93,1474.97,10971
2019-11-20 01:00:00,1473.71,1478.75,1472.66,1476.69,19724
2019-11-20 02:00:00,1475.84,1477.01,1465.88,1471.41,50831
2019-11-21 00:00:00,1474.9,1475.59,1470.32,1471.12,17502
2019-11-21 01:00:00,1470.93,1474.4,1467.5,1468.88,23881
2019-11-21 02:00:00,1468.23,1471.39,1462.28,1464.52,44996
2019-11-22 00:00:00,1464.37,1465.57,1463.38,1464.9,8086
2019-11-22 01:00:00,1464.99,1473.18,1464.54,1471.78,21665
2019-11-22 02:00:00,1470.68,1472.58,1461.25,1462.23,41311
2019-11-25 00:00:00,1460.39,1462.08,1459.47,1461.11,9502
2019-11-25 01:00:00,1461.62,1461.71,1456.39,1457.57,16900
2019-11-25 02:00:00,1458.55,1460.7,1454.0,1454.64,33242
2019-11-26 00:00:00,1454.94,1455.49,1451.54,1454.06,9734
2019-11-26 01:00:00,1455.13,1459.07,1453.84,1457.81,14458
2019-11-26 02:00:00,1458.22,1462.87,1450.02,1462.6,32801
2019-11-27 00:00:00,1461.11,1461.75,1458.91,1459.39,6805
2019-11-27 01:00:00,1459.17,1460.23,1457.85,1458.6,12667
2019-11-27 02:00:00,1459.9,1460.19,1452.45,1454.5,38317
2019-11-28 00:00:00,1455.75,1458.26,1455.59,1456.6,8760
2019-11-28 01:00:00,1456.32,1458.19,1455.33,1456.29,12107
2019-11-28 02:00:00,1457.37,1457.38,1454.16,1455.74,12180
2019-11-29 00:00:00,1455.39,1458.67,1454.74,1458.19,8012
2019-11-29 01:00:00,1458.09,1459.19,1455.67,1456.34,15769
2019-11-29 02:00:00,1456.28,1466.53,1452.94,1463.83,25807
2019-12-02 00:00:00,1462.43,1462.51,1458.76,1460.23,7254
2019-12-02 01:00:00,1459.53,1460.37,1453.89,1457.84,14097
2019-12-02 02:00:00,1456.73,1465.29,1456.63,1462.75,45820
2019-12-03 00:00:00,1461.61,1463.79,1460.42,1460.51,8185
2019-12-03 01:00:00,1460.83,1470.8,1459.78,1469.41,16686
2019-12-03 02:00:00,1470.17,1481.73,1468.3,1477.3,42538
2019-12-04 00:00:00,1476.47,1480.09,1475.54,1479.25,11063
2019-12-04 01:00:00,1478.55,1484.01,1472.64,1476.53,23818
2019-12-04 02:00:00,1476.94,1481.8,1471.35,1474.82,46229
2019-12-05 00:00:00,1474.37,1476.99,1473.68,1476.97,11922
2019-12-05 01:00:00,1475.74,1478.24,1473.12,1474.76,19304
2019-12-05 02:00:00,1474.23,1480.29,1472.86,1475.42,39402
2019-12-06 00:00:00,1476.04,1476.41,1474.9,1475.54,5564
2019-12-06 01:00:00,1475.44,1475.84,1471.36,1475.64,12102
2019-12-06 02:00:00,1475.27,1479.82,1458.66,1459.38,46452
2019-12-09 00:00:00,1458.58,1461.5,1458.48,1460.53,7098
2019-12-09 01:00:00,1460.34,1463.73,1460.12,1463.13,12920
2019-12-09 02:00:00,1462.83,1465.35,1459.09,1460.85,26740
2019-12-10 00:00:00,1461.41,1462.05,1460.01,1462.0,7191
2019-12-10 01:00:00,1461.23,1466.99,1459.95,1466.9,18715
2019-12-10 02:00:00,1464.85,1469.17,1462.31,1464.46,42446
2019-12-11 00:00:00,1464.16,1464.98,1462.93,1463.64,6926
2019-12-11 01:00:00,1463.43,1467.85,1462.63,1467.02,18226
2019-12-11 02:00:00,1466.86,1478.84,1465.15,1475.14,39745
2019-12-12 00:00:00,1474.89,1475.6,1473.98,1474.89,6591
2019-12-12 01:00:00,1474.66,1475.29,1471.96,1474.88,14632
2019-12-12 02:00:00,1474.79,1486.69,1463.89,1469.47,59912
2019-12-13 00:00:00,1466.57,1469.91,1461.73,1467.93,16319
2019-12-13 01:00:00,1467.15,1473.31,1465.65,1471.64,24953
2019-12-13 02:00:00,1471.09,1478.0,1465.24,1475.49,52912
2019-12-16 00:00:00,1474.85,1475.36,1473.09,1474.92,7574
2019-12-16 01:00:00,1474.93,1478.71,1474.41,1477.24,16579
2019-12-16 02:00:00,1477.24,1479.85,1473.67,1476.43,32705
2019-12-17 00:00:00,1475.89,1477.57,1474.31,1476.87,8838
2019-12-17 01:00:00,1477.2,1480.49,1475.91,1479.58,14475
2019-12-17 02:00:00,1480.07,1480.34,1474.12,1476.33,33108
2019-12-18 00:00:00,1475.76,1477.16,1474.89,1476.27,4660
2019-12-18 01:00:00,1477.0,1479.24,1476.09,1478.94,11505
2019-12-18 02:00:00,1478.79,1479.18,1470.38,1474.8,35540
2019-12-19 00:00:00,1475.3,1477.91,1474.73,1477.25,7212
2019-12-19 01:00:00,1477.62,1477.74,1473.19,1474.03,15935
2019-12-19 02:00:00,1474.32,1481.64,1473.21,1478.71,27750
2019-12-20 00:00:00,1478.94,1479.53,1477.85,1479.15,5748
2019-12-20 01:00:00,1478.91,1479.64,1476.71,1477.51,11183
2019-12-20 02:00:00,1477.37,1480.94,1475.78,1477.97,28746
2019-12-23 00:00:00,1477.96,1481.55,1477.46,1480.98,6738
2019-12-23 01:00:00,1480.75,1485.21,1480.41,1483.93,13847
2019-12-23 02:00:00,1484.43,1486.09,1480.46,1485.11,25153
2019-12-24 00:00:00,1485.2,1489.52,1484.33,1489.41,8518
2019-12-24 01:00:00,1488.81,1492.95,1488.8,1489.85,12349
2019-12-24 02:00:00,1490.43,1500.44,1488.69,1498.99,20492
2019-12-26 00:00:00,1503.27,1503.75,1502.27,1503.5,1469
2019-12-26 01:00:00,1502.86,1505.48,1502.69,1504.65,11323
2019-12-26 02:00:00,1504.36,1512.56,1503.86,1511.42,30346
2019-12-27 00:00:00,1510.77,1513.9,1509.13,1513.01,11107
2019-12-27 01:00:00,1512.82,1513.41,1507.28,1509.91,16264
2019-12-27 02:00:00,1511.54,1515.29,1508.71,1510.95,27785
2019-12-30 00:00:00,1511.16,1515.73,1510.75,1514.65,8689
2019-12-30 01:00:00,1514.42,1515.25,1510.84,1511.85,16869
2019-12-30 02:00:00,1511.97,1516.07,1510.7,1514.8,34096
2019-12-31 00:00:00,1514.63,1524.11,1514.54,1522.98,9271
2019-12-31 01:00:00,1523.29,1525.23,1522.22,1522.9,12125
2019-12-31 02:00:00,1522.61,1524.83,1516.5,1520.21,32168
2020-01-02 00:00:00,1520.26,1520.36,1518.95,1519.47,1287
2020-01-02 01:00:00,1519.37,1521.88,1518.38,1521.49,17836
2020-01-02 02:00:00,1521.19,1531.32,1521.14,1528.69,37531
2020-01-03 00:00:00,1528.25,1541.0,1527.86,1540.34,18508
2020-01-03 01:00:00,1538.73,1550.3,1538.23,1549.37,30620
2020-01-03 02:00:00,1548.49,1553.43,1540.86,1550.13,49130
2020-01-06 00:00:00,1572.906982855864,1579.1149253738824,1564.2051101192205,1574.0171511148305,29703
2020-01-06 01:00:00,1576.05,1578.09,1570.13,1576.87,32779
2020-01-06 02:00:00,1577.54,1579.31,1560.7,1566.14,58557
2020-01-07 00:00:00,1564.53,1565.47,1555.23,1561.12,16331
2020-01-07 01:00:00,1559.17,1570.71,1558.97,1566.49,32767
2020-01-07 02:00:00,1565.56,1573.2,1563.84,1573.19,48001
2020-01-08 00:00:00,1575.99,1607.4750543952237,1575.08,1592.93,50184
2020-01-08 01:00:00,1593.09,1595.28,1578.55,1579.44,40961
2020-01-08 02:00:00,1580.69,1582.55,1554.734369945882,1558.2858429751068,69830
2020-01-09 00:00:00,1557.5144849085352,1561.29,1553.81,1557.24,15891
2020-01-09 01:00:00,1558.32,1558.93,1540.2,1547.33,27090
2020-01-09 02:00:00,1547.39,1556.53,1544.69,1550.96,46381
2020-01-10 00:00:00,1552.91,1553.77,1545.73,1547.87,11752
2020-01-10 01:00:00,1547.07,1552.4,1546.17,1549.95,18791
2020-01-10 02:00:00,1548.8,1561.14,1546.82,1560.85,49260
2020-01-13 00:00:00,1559.55,1560.6,1554.27,1555.83,11182
2020-01-13 01:00:00,1555.64,1556.38,1546.51,1550.91,19507
2020-01-13 02:00:00,1551.13,1556.09,1548.0,1548.15,43086
2020-01-14 00:00:00,1548.13,1548.85,1535.96,1537.07,17593
2020-01-14 01:00:00,1538.89,1545.97,1536.11,1545.31,20564
2020-01-14 02:00:00,1544.97,1548.8,1540.91,1546.12,49181
2020-01-15 00:00:00,1546.37,1552.86,1546.27,1552.29,12491
2020-01-15 01:00:00,1551.98,1554.26,1550.23,1552.69,16725
2020-01-15 02:00:00,1551.85,1558.17,1546.93,1555.39,45994
2020-01-16 00:00:00,1555.18,1558.06,1554.33,1554.47,10007
2020-01-16 01:00:00,1555.76,1555.98,1551.37,1555.61,15933
2020-01-16 02:00:00,1554.7,1557.49,1547.98,1553.59,40451
2020-01-17 00:00:00,1552.29,1556.26,1549.33,1555.78,9739
2020-01-17 01:00:00,1555.64,1557.19,1554.05,1555.7,18646
2020-01-17 02:00:00,1556.77,1561.21,1554.01,1556.54,37570
2020-01-20 00:00:00,1559.0,1559.92,1556.35,1559.88,9166
2020-01-20 01:00:00,1559.55,1562.76,1559.14,1560.27,11852
2020-01-20 02:00:00,1559.77,1561.19,1558.24,1560.5,11402
2020-01-21 00:00:00,1560.88,1568.59,1559.97,1566.49,14180
2020-01-21 01:00:00,1566.55,1567.17,1551.84,1555.31,24166
2020-01-21 02:00:00,1554.69,1559.96,1546.3,1558.79,49192
2020-01-22 00:00:00,1558.01,1558.13,1550.15,1553.06,14937
2020-01-22 01:00:00,1552.97,1559.22,1550.51,1557.8,16317
2020-01-22 02:00:00,1558.45,1559.22,1554.57,1558.76,38787
2020-01-23 00:00:00,1558.55,1563.71,1555.21,1559.45,16840
2020-01-23 01:00:00,1558.86,1560.88,1552.96,1554.06,19371
2020-01-23 02:00:00,1554.66,1567.91,1551.85,1562.86,45897
2020-01-24 00:00:00,1561.79,1562.69,1559.37,1560.68,7643
2020-01-24 01:00:00,1559.64,1562.95,1557.48,1558.88,15968
2020-01-24 02:00:00,1560.7,1575.95,1556.49,1570.81,59844
2020-01-27 00:00:00,1580.71,1588.28,1577.3,1578.9,18521
2020-01-27 01:00:00,1579.1,1586.28,1575.87,1583.5,23635
2020-01-27 02:00:00,1585.53,1586.28,1576.99,1583.22,65397
2020-01-28 00:00:00,1580.91,1583.03,1578.99,1580.2,12489
2020-01-28 01:00:00,1579.5,1582.31,1576.86,1579.96,23770
2020-01-28 02:00:00,1579.28,1580.7,1567.08,1567.93,49234
2020-01-29 00:00:00,1568.65,1569.96,1563.35,1565.52,12859
2020-01-29 01:00:00,1565.4,1572.23,1564.83,1571.23,17450
2020-01-29 02:00:00,1570.48,1578.0,1567.79,1576.78,43988
2020-01-30 00:00:00,1575.25,1580.8,1574.87,1578.66,14086
2020-01-30 01:00:00,1579.01,1583.03,1576.94,1580.83,22626
2020-01-30 02:00:00,1580.2,1585.99,1572.22,1573.13,61239
2020-01-31 00:00:00,1575.06,1576.01,1570.87,1572.16,14364
2020-01-31 01:00:00,1571.67,1582.05,1571.55,1580.14,18937
2020-01-31 02:00:00,1579.24,1589.59,1577.87,1588.63,65740
2020-02-03 00:00:00,1588.65,1592.0,1579.18,1580.45,24126
2020-02-03 01:00:00,1580.89,1581.2,1573.36,1579.3,23855
2020-02-03 02:00:00,1580.82,1581.14,1569.28,1576.76,45249
2020-02-04 00:00:00,1578.56,1579.61,1573.78,1575.02,15643
2020-02-04 01:00:00,1575.14,1575.75,1565.39,1570.28,20975
2020-02-04 02:00:00,1570.71,1571.56,1548.97,1553.9,45842
2020-02-05 00:00:00,1553.18,1558.95,1552.08,1558.55,15835
2020-02-05 01:00:00,1557.15,1562.41,1547.38,1550.53,25927
2020-02-05 02:00:00,1551.97,1559.59,1548.97,1556.92,44393
2020-02-06 00:00:00,1554.67,1558.12,1552.46,1554.57,14621
2020-02-06 01:00:00,1553.14,1567.59,1552.46,1566.17,20721
2020-02-06 02:00:00,1566.86,1568.23,1561.53,1566.51,38014
2020-02-07 00:00:00,1565.81,1569.13,1564.81,1566.1,23298
2020-02-07 01:00:00,1565.76,1569.85,1562.86,1567.45,30783
2020-02-07 02:00:00,1569.13,1574.05,1560.08,1570.12,47101
2020-02-10 00:00:00,1569.27,1576.64,1567.96,1571.21,19746
2020-02-10 01:00:00,1572.1,1575.17,1569.4,1572.45,21215
2020-02-10 02:00:00,1572.97,1577.01,1571.42,1572.93,32892
2020-02-11 00:00:00,1572.09,1572.91,1566.88,1568.45,11597
2020-02-11 01:00:00,1568.72,1569.97,1565.76,1569.19,19156
2020-02-11 02:00:00,1567.67,1574.05,1561.92,1568.08,45577
2020-02-12 00:00:00,1567.49,1568.55,1565.24,1566.43,13160
2020-02-12 01:00:00,1567.18,1567.71,1561.95,1566.05,20438
2020-02-12 02:00:00,1566.49,1570.46,1563.51,1565.76,33679
2020-02-13 00:00:00,1566.13,1574.28,1565.51,1573.04,17070
2020-02-13 01:00:00,1573.73,1577.5,1572.25,1575.16,20854
2020-02-13 02:00:00,1574.39,1578.33,1571.82,1576.11,44154
2020-02-14 00:00:00,1575.91,1578.14,1573.02,1575.04,12701
2020-02-14 01:00:00,1574.63,1577.05,1573.87,1576.01,14193
2020-02-14 02:00:00,1575.86,1584.38,1574.84,1584.0,34240
2020-02-17 00:00:00,1581.25,1583.78,1580.43,1582.74,10559
2020-02-17 01:00:00,1582.94,1583.18,1578.85,1581.02,10871
2020-02-17 02:00:00,1580.31,1582.58,1579.99,1580.86,10082
2020-02-18 00:00:00,1583.69,1587.4,1583.23,1586.22,14700
2020-02-18 01:00:00,1586.41,1589.33,1585.0,1587.05,18221
2020-02-18 02:00:00,1587.24,1605.05,1586.35,1602.28,46569
2020-02-19 00:00:00,1601.17,1604.81,1599.53,1602.27,14338
2020-02-19 01:00:00,1601.82,1611.29,1601.61,1609.59,22726
2020-02-19 02:00:00,1609.78,1612.91,1602.38,1611.43,46375
2020-02-20 00:00:00,1610.97,1612.84,1605.97,1608.82,19856
2020-02-20 01:00:00,1609.53,1611.95,1603.84,1611.91,22841
2020-02-20 02:00:00,1610.6,1623.73,1610.6,1619.29,64603
2020-02-21 00:00:00,1619.7,1628.51,1618.92,1628.27,21419
2020-02-21 01:00:00,1626.03,1636.55,1625.61,1634.28,30751
2020-02-21 02:00:00,1634.26,1649.23,1633.39,1643.33,66259
2020-02-24 00:00:00,1656.6616561802991,1677.2255562409646,1655.0699453722414,1662.22,32374
2020-02-24 01:00:00,1662.33,1689.25,1660.62,1681.4285017271163,40842
2020-02-24 02:00:00,1684.257466247212,1687.79,1650.83,1657.56,87576
2020-02-25 00:00:00,1657.47,1661.6393644499276,1642.71,1653.72,33075
2020-02-25 01:00:00,1655.57,1657.14,1633.09,1649.98,48452
2020-02-25 02:00:00,1653.05,1658.49,1624.98,1635.5,100442
2020-02-26 00:00:00,1638.13,1646.23,1635.11,1644.45,35260
2020-02-26 01:00:00,1641.46,1654.95,1641.37,1648.75,46995
2020-02-26 02:00:00,1649.28,1650.07,1624.73,1640.56,83845
2020-02-27 00:00:00,1641.12,1652.38,1640.38,1649.1,32219
2020-02-27 01:00:00,1652.27,1652.53,1641.28,1646.69,43225
2020-02-27 02:00:00,1648.05,1660.37,1635.19,1639.76,91503
2020-02-28 00:00:00,1641.91,1649.46,1634.69,1641.78,40546
2020-02-28 01:00:00,1638.82,1642.36,1621.16,1629.6,59350
2020-02-28 02:00:00,1630.07,1632.79,1569.0299236236312,1587.253221737049,92135
2020-03-02 00:00:00,1586.8106325654178,1609.401258659059,1575.31,1601.16,46614
2020-03-02 01:00:00,1600.39,1610.94,1595.94,1608.49,49259
2020-03-02 02:00:00,1609.41,1610.7,1583.87,1591.36,81327
2020-03-03 00:00:00,1590.45,1601.14,1589.58,1598.44,27615
2020-03-03 01:00:00,1600.1,1604.52,1593.45,1602.88,35911
2020-03-03 02:00:00,1599.62,1644.7840420027708,1599.01,1633.8881253261911,86767
2020-03-04 00:00:00,1637.827450920484,1653.13,1635.3840218870223,1644.61,31161
2020-03-04 01:00:00,1643.03,1645.45,1631.81,1643.52,34264
2020-03-04 02:00:00,1641.69,1649.3,1633.95,1636.91,61752
2020-03-05 00:00:00,1636.57,1640.8,1634.97,1639.32,18952
2020-03-05 01:00:00,1639.72,1648.69,1637.14,1647.56,29893
2020-03-05 02:00:00,1647.24,1671.855937538688,1645.27,1668.86,74721
2020-03-06 00:00:00,1669.0140075168588,1680.47,1667.54,1679.51,27979
2020-03-06 01:00:00,1678.43,1689.94,1667.79,1687.45,44344
2020-03-06 02:00:00,1682.13,1692.09,1641.97,1672.43,97131
2020-03-09 00:00:00,1695.92,1703.44,1657.41,1671.46,48054
2020-03-09 01:00:00,1665.496790412027,1685.33,1659.48,1678.69,43902
2020-03-09 02:00:00,1678.15,1685.8,1661.44,1678.15,65370
2020-03-10 00:00:00,1667.73,1671.42,1653.51,1656.19,30758
2020-03-10 01:00:00,1664.67,1667.43,1649.25,1662.82,43735
2020-03-10 02:00:00,1662.02,1667.53,1641.49,1649.37,75570
2020-03-11 00:00:00,1651.93,1665.39,1650.55,1662.91,24027
2020-03-11 01:00:00,1662.8,1668.27,1656.25,1665.63,30014
2020-03-11 02:00:00,1664.96,1671.24,1632.94,1639.4318370264089,78782
2020-03-12 00:00:00,1640.1,1650.07,1630.78,1635.39,30872
2020-03-12 01:00:00,1636.05,1645.49,1631.34,1641.15,35720
2020-03-12 02:00:00,1636.11,1642.96,1567.6799430838723,1584.7941746962113,96395
2020-03-13 00:00:00,1582.315263746494,1590.7913039929551,1551.31,1579.47,36784
2020-03-13 01:00:00,1579.1,1594.22,1575.92,1586.67,40664
2020-03-13 02:00:00,1587.73,1597.91,1511.351639544671,1535.3709533975698,122062
2020-03-16 00:00:00,1547.373322109972,1566.3730504319437,1523.97,1540.93,44918
2020-03-16 01:00:00,1546.82,1547.49,1470.5902655817868,1484.3026381359027,56694
2020-03-16 02:00:00,1484.5747328843986,1522.5113220172777,1453.6560531163575,1509.09,127171
2020-03-17 00:00:00,1511.75,1519.21,1482.5142106232715,1502.92,36211
2020-03-17 01:00:00,1501.59,1503.76,1465.42,1473.2604211050873,52527
2020-03-17 02:00:00,1470.3205978630751,1549.176290576138,1466.71,1522.6810842210175,124917
2020-03-18 00:00:00,1530.954119572615,1543.29,1519.3278736849861,1528.41,35071
2020-03-18 01:00:00,1527.57,1529.74,1489.8405747369973,1505.89,49733
2020-03-18 02:00:00,1498.8189647829045,1522.7,1472.61,1487.1630086737682,112344
2020-03-19 00:00:00,1485.3,1500.77,1461.89,1472.78,33510
2020-03-19 01:00:00,1471.38,1496.11,1468.77,1476.16,32419
2020-03-19 02:00:00,1475.11,1493.29,1464.09,1474.34,75512
2020-03-20 00:00:00,1467.47,1487.21,1465.83,1485.56,20554
2020-03-20 01:00:00,1482.32,1513.198430352104,1482.24,1506.3,27088
2020-03-20 02:00:00,1507.055335933746,1514.02,1479.22,1498.64,60460
2020-03-23 00:00:00,1490.2,1501.39,1485.88,1494.79,23966
2020-03-23 01:00:00,1492.52,1495.46,1485.0,1491.53,22053
2020-03-23 02:00:00,1492.61,1554.6842774885633,1491.04,1546.3870622121003,67189
2020-03-24 00:00:00,1556.3659685374942,1580.7168554977125,1553.2693439253621,1567.77641244242,22071
2020-03-24 01:00:00,1572.41,1612.6333710995425,1557.62,1590.803282488484,24317
2020-03-24 02:00:00,1587.59,1632.3,1570.07,1621.5876564976966,29871
2020-03-25 00:00:00,1625.8668877482999,1638.85,1598.242394751403,1605.84,10819
2020-03-25 01:00:00,1610.49,1627.5,1597.55,1611.36,14798
2020-03-25 02:00:00,1616.9,1620.29,1594.95,1616.35,41048
2020-03-26 00:00:00,1612.4,1612.9,1595.26,1604.46,9339
2020-03-26 01:00:00,1604.1,1619.66,1595.49,1615.95,9696
2020-03-26 02:00:00,1613.9,1641.8005832751498,1610.73,1628.93,35206
2020-03-27 00:00:00,1630.2,1630.91,1619.8,1625.05,7793
2020-03-27 01:00:00,1624.85,1627.99,1613.83,1623.22,13393
2020-03-27 02:00:00,1621.97,1631.06,1614.95,1622.55,38184
2020-03-30 00:00:00,1619.97,1632.25,1611.98,1615.42,10559
2020-03-30 01:00:00,1615.92,1623.97,1610.39,1621.83,10173
2020-03-30 02:00:00,1622.06,1627.32,1611.15,1621.49,45689
2020-03-31 00:00:00,1621.75,1622.22,1610.65,1613.34,11915
2020-03-31 01:00:00,1614.52,1618.84,1598.03,1600.44,15499
2020-03-31 02:00:00,1607.1,1613.4,1576.8281388092405,1579.6700814234975,57628
2020-04-01 00:00:00,1575.1557321395794,1589.2621185879639,1569.33,1586.19,8996
2020-04-01 01:00:00,1584.15,1599.96,1583.49,1593.22,13479
2020-04-01 02:00:00,1594.8,1595.33,1571.8,1587.5,50571
2020-04-02 00:00:00,1590.36,1595.82,1582.65,1584.01,19711
2020-04-02 01:00:00,1585.4,1599.28,1583.22,1589.59,23287
2020-04-02 02:00:00,1589.84,1620.17,1587.3,1613.813686725211,58985
2020-04-03 00:00:00,1611.867720046857,1615.53,1608.3,1611.9,11620
2020-04-03 01:00:00,1613.64,1617.32,1607.0,1611.9,19722
2020-04-03 02:00:00,1612.29,1626.04,1605.85,1620.64,38785
2020-04-06 00:00:00,1614.62,1622.31,1608.35,1617.5,8894
2020-04-06 01:00:00,1617.27,1638.0,1615.71,1635.48,18860
2020-04-06 02:00:00,1634.83,1666.3858679861683,1631.97,1659.8759397559502,68530
2020-04-07 00:00:00,1661.448414574083,1674.02,1651.6384453710177,1658.05,14216
2020-04-07 01:00:00,1660.12,1668.74,1644.57,1652.26,20962
2020-04-07 02:00:00,1650.63,1662.2,1642.16,1650.01,79899
2020-04-08 00:00:00,1647.27,1650.96,1641.58,1650.04,9451
2020-04-08 01:00:00,1648.7,1655.3,1643.19,1651.45,12347
2020-04-08 02:00:00,1651.08,1656.87,1642.35,1646.95,49302
2020-04-09 00:00:00,1645.41,1649.72,1643.86,1647.97,5114
2020-04-09 01:00:00,1648.57,1664.18,1646.98,1663.55,18097
2020-04-09 02:00:00,1661.02,1687.5428550455645,1655.09,1681.72,79224
2020-04-13 00:00:00,1677.47,1691.71,1674.98,1682.96,11210
2020-04-13 01:00:00,1682.17,1692.89,1681.54,1688.84,15052
2020-04-13 02:00:00,1688.68,1720.1801828403645,1685.96,1713.864405719392,54488
2020-04-14 00:00:00,1709.7287800205656,1725.74,1709.4890416226035,1716.27,11384
2020-04-14 01:00:00,1720.13,1727.53,1708.56,1721.37,23959
2020-04-14 02:00:00,1720.26,1747.4,1717.52,1724.13,87715
2020-04-15 00:00:00,1726.54,1731.11,1719.56,1723.73,10760
2020-04-15 01:00:00,1720.78,1727.6,1707.52,1720.61,19826
2020-04-15 02:00:00,1715.5,1726.47,1709.01,1716.72,72781
2020-04-16 00:00:00,1716.49,1719.8,1711.91,1714.9,8353
2020-04-16 01:00:00,1714.26,1725.93,1713.57,1723.89,29632
2020-04-16 02:00:00,1722.86,1738.66,1708.01,1718.34,86516
2020-04-17 00:00:00,1718.48,1718.52,1701.53,1705.21,11321
2020-04-17 01:00:00,1705.1,1708.79,1683.93,1685.35,29679
2020-04-17 02:00:00,1690.65,1701.65,1680.1,1684.4,90028
2020-04-20 00:00:00,1683.02,1683.31,1671.55,1682.84,18898
2020-04-20 01:00:00,1681.77,1684.99,1672.83,1678.48,34130
2020-04-20 02:00:00,1680.41,1702.7,1674.78,1696.36,99390
2020-04-21 00:00:00,1695.4,1695.4,1686.35,1688.64,17443
2020-04-21 01:00:00,1689.22,1697.86,1670.7,1676.3,36246
2020-04-21 02:00:00,1678.12,1691.56,1660.03,1680.18,109384
2020-04-22 00:00:00,1683.79,1691.85,1681.48,1682.84,8220
2020-04-22 01:00:00,1682.9,1706.93,1680.29,1701.15,25689
2020-04-22 02:00:00,1701.71,1718.74,1692.84,1714.91,63628
2020-04-23 00:00:00,1714.66,1719.37,1707.0,1712.27,18584
2020-04-23 01:00:00,1710.09,1728.2,1709.67,1727.16,27533
2020-04-23 02:00:00,1725.5,1738.78,1719.98,1731.89,91887
2020-04-24 00:00:00,1730.56,1730.77,1721.27,1724.76,11006
2020-04-24 01:00:00,1723.74,1731.84,1720.81,1730.13,25305
2020-04-24 02:00:00,1728.68,1736.35,1710.36,1725.89,90063
2020-04-27 00:00:00,1722.32,1727.59,1719.11,1720.91,14814
2020-04-27 01:00:00,1721.89,1723.79,1713.07,1717.26,40129
2020-04-27 02:00:00,1717.18,1722.14,1705.87,1715.42,70566
2020-04-28 00:00:00,1714.9,1716.16,1695.71,1696.68,15658
2020-04-28 01:00:00,1698.17,1714.61,1692.22,1710.55,36144
2020-04-28 02:00:00,1708.19,1713.64,1691.54,1708.17,73436
2020-04-29 00:00:00,1708.02,1712.15,1703.26,1710.07,10300
2020-04-29 01:00:00,1710.41,1713.1,1702.03,1704.77,34766
2020-04-29 02:00:00,1706.39,1717.67,1697.76,1713.94,82464
2020-04-30 00:00:00,1712.95,1716.0,1708.87,1712.82,12056
2020-04-30 01:00:00,1712.5,1721.72,1710.19,1715.75,35988
2020-04-30 02:00:00,1715.22,1717.46,1684.1034095969885,1688.7883336190112,87232
2020-05-01 00:00:00,1688.8827114334126,1693.1509059084738,1682.02,1687.7,9019
2020-05-01 01:00:00,1687.94,1688.76,1670.4,1678.11,60471
2020-05-01 02:00:00,1674.47,1705.47,1673.4,1699.93,86074
2020-05-04 00:00:00,1698.03,1701.37,1691.64,1697.51,9605
2020-05-04 01:00:00,1700.27,1713.44,1696.26,1707.6,10254
2020-05-04 02:00:00,1707.21,1713.44,1695.6,1703.65,71867
2020-05-05 00:00:00,1701.13,1703.69,1696.42,1698.12,6606
2020-05-05 01:00:00,1698.1,1708.15,1689.63,1698.23,18585
2020-05-05 02:00:00,1698.3,1712.04,1693.28,1707.13,69909
2020-05-06 00:00:00,1704.51,1707.59,1700.55,1702.78,9690
2020-05-06 01:00:00,1702.21,1708.06,1699.13,1701.02,17906
2020-05-06 02:00:00,1700.72,1705.22,1681.14,1686.11,59632
2020-05-07 00:00:00,1685.19,1693.77,1684.14,1691.68,8314
2020-05-07 01:00:00,1691.72,1695.99,1684.32,1692.85,18174
2020-05-07 02:00:00,1693.38,1719.4117109697422,1691.71,1717.34,67886
2020-05-08 00:00:00,1715.52,1720.72,1710.8,1713.88,11394
2020-05-08 01:00:00,1715.39,1723.6,1713.47,1721.61,27674
2020-05-08 02:00:00,1721.59,1722.7,1701.48,1705.17,75339
2020-05-11 00:00:00,1702.38,1711.8,1701.6,1705.7,11901
2020-05-11 01:00:00,1707.47,1709.4,1693.73,1695.71,32780
2020-05-11 02:00:00,1701.26,1708.48,1691.53,1697.81,73081
2020-05-12 00:00:00,1697.67,1702.01,1693.61,1700.31,11888
2020-05-12 01:00:00,1700.46,1706.86,1697.79,1704.85,30464
2020-05-12 02:00:00,1705.23,1710.95,1698.16,1700.02,62735
2020-05-13 00:00:00,1702.09,1706.67,1700.14,1702.6,15193
2020-05-13 01:00:00,1702.61,1705.9,1698.93,1703.64,27855
2020-05-13 02:00:00,1700.78,1718.08,1700.7,1715.12,92284
2020-05-14 00:00:00,1715.31,1719.75,1711.62,1711.94,14121
2020-05-14 01:00:00,1713.61,1719.31,1711.12,1717.87,24877
2020-05-14 02:00:00,1718.63,1736.39,1711.0,1730.74,88266
2020-05-15 00:00:00,1730.06,1734.4,1728.61,1731.79,14049
2020-05-15 01:00:00,1732.14,1738.54,1730.13,1730.99,40966
2020-05-15 02:00:00,1734.44,1751.68,1730.13,1743.02,98222
2020-05-18 00:00:00,1747.36,1763.71,1743.49,1760.52,25936
2020-05-18 01:00:00,1760.85,1765.08,1758.43,1763.03,26811
2020-05-18 02:00:00,1763.16,1764.85,1730.2399518096759,1733.920180653536,95427
2020-05-19 00:00:00,1735.0499895722032,1740.26,1731.4,1738.09,15417
2020-05-19 01:00:00,1737.13,1738.79,1725.6,1735.0,54802
2020-05-19 02:00:00,1735.31,1748.03,1730.82,1746.19,84860
2020-05-20 00:00:00,1744.07,1750.96,1743.2,1748.3,13956
2020-05-20 01:00:00,1749.12,1753.1,1745.97,1750.95,26137
2020-05-20 02:00:00,1749.11,1753.8,1742.3,1746.83,83473
2020-05-21 00:00:00,1747.24,1748.79,1737.76,1741.31,16451
2020-05-21 01:00:00,1741.18,1743.78,1731.0,1731.93,25608
2020-05-21 02:00:00,1732.78,1741.55,1717.1,1725.28,86569
2020-05-22 00:00:00,1726.7,1730.39,1724.25,1726.18,15892
2020-05-22 01:00:00,1727.32,1740.09,1725.48,1734.44,23805
2020-05-22 02:00:00,1735.16,1738.31,1727.5,1733.96,61789
2020-05-25 00:00:00,1732.11,1733.34,1725.88,1727.22,12181
2020-05-25 01:00:00,1728.5,1730.68,1723.71,1728.79,24424
2020-05-25 02:00:00,1730.55,1733.15,1721.55,1728.22,30479
2020-05-26 00:00:00,1726.06,1735.41,1725.55,1734.16,16529
2020-05-26 01:00:00,1734.82,1735.08,1720.08,1724.85,24324
2020-05-26 02:00:00,1721.62,1729.18,1708.65,1711.95,74019
2020-05-27 00:00:00,1710.41,1715.99,1704.84,1705.51,15603
2020-05-27 01:00:00,1708.62,1710.39,1704.41,1707.28,21360
2020-05-27 02:00:00,1705.67,1715.29,1693.62,1713.11,57434
2020-05-28 00:00:00,1709.27,1716.51,1707.27,1716.25,10419
2020-05-28 01:00:00,1714.4,1725.01,1714.4,1722.76,19454
2020-05-28 02:00:00,1724.33,1727.57,1711.12,1717.97,63686
2020-05-29 00:00:00,1719.54,1722.49,1712.75,1719.8,8951
2020-05-29 01:00:00,1719.89,1727.4,1716.87,1726.77,16510
2020-05-29 02:00:00,1725.95,1737.69,1725.55,1731.35,61622
2020-06-01 00:00:00,1735.4,1742.11,1730.92,1741.77,13674
2020-06-01 01:00:00,1739.1,1744.51,1732.14,1735.19,19950
2020-06-01 02:00:00,1736.05,1741.53,1726.84,1739.3,54642
2020-06-02 00:00:00,1737.81,1743.11,1736.31,1737.65,8970
2020-06-02 01:00:00,1739.34,1741.86,1734.58,1739.13,15039
2020-06-02 02:00:00,1739.57,1745.09,1721.3,1726.67,59700
2020-06-03 00:00:00,1727.04,1731.75,1720.51,1725.18,11982
2020-06-03 01:00:00,1725.17,1726.58,1712.97,1719.31,20061
2020-06-03 02:00:00,1718.23,1726.2,1691.7505882543092,1697.68,67458
2020-06-04 00:00:00,1699.17,1705.5,1696.99,1703.54,11313
2020-06-04 01:00:00,1703.01,1710.78,1697.92,1709.37,17745
2020-06-04 02:00:00,1707.31,1721.73,1700.04,1714.99,62455
2020-06-05 00:00:00,1714.75,1716.04,1707.05,1710.14,10567
2020-06-05 01:00:00,1708.64,1713.43,1701.86,1705.13,21305
2020-06-05 02:00:00,1707.64,1708.82,1673.7548288376481,1684.63,79180
2020-06-08 00:00:00,1683.2698091014008,1689.82,1677.22,1689.01,14263
2020-06-08 01:00:00,1688.26,1697.22,1687.15,1693.84,16031
2020-06-08 02:00:00,1695.18,1700.67,1686.19,1698.73,57227
2020-06-09 00:00:00,1700.09,1704.72,1693.68,1695.56,14001
2020-06-09 01:00:00,1695.28,1709.9,1692.11,1708.88,24741
2020-06-09 02:00:00,1708.66,1720.83,1704.46,1715.16,57837
2020-06-10 00:00:00,1715.38,1718.65,1712.04,1716.17,12036
2020-06-10 01:00:00,1715.11,1720.87,1714.83,1718.66,19672
2020-06-10 02:00:00,1718.82,1739.75,1708.2,1733.65,67174
2020-06-11 00:00:00,1737.94,1739.08,1730.01,1730.87,13044
2020-06-11 01:00:00,1731.54,1737.42,1726.57,1731.35,22315
2020-06-11 02:00:00,1733.44,1744.63,1721.27,1727.87,80212
2020-06-12 00:00:00,1729.22,1730.57,1722.14,1726.73,16704
2020-06-12 01:00:00,1726.05,1736.85,1726.01,1736.72,19925
2020-06-12 02:00:00,1731.24,1743.03,1728.98,1731.03,64896
2020-06-15 00:00:00,1730.76,1734.13,1726.68,1728.17,16907
2020-06-15 01:00:00,1729.09,1729.29,1707.96,1711.49,29408
2020-06-15 02:00:00,1713.94,1728.41,1704.11,1726.23,70715
2020-06-16 00:00:00,1725.27,1732.84,1724.1,1727.68,14544
2020-06-16 01:00:00,1728.57,1732.79,1721.52,1730.81,24098
2020-06-16 02:00:00,1729.96,1732.16,1716.41,1727.0,64851
2020-06-17 00:00:00,1725.0,1728.89,1722.57,1726.6,11824
2020-06-17 01:00:00,1726.25,1729.48,1712.6,1715.25,22339
2020-06-17 02:00:00,1714.92,1730.23,1713.04,1728.02,43069
2020-06-18 00:00:00,1725.79,1730.15,1723.77,1726.53,12818
2020-06-18 01:00:00,1725.97,1737.59,1721.05,1725.53,22563
2020-06-18 02:00:00,1725.82,1727.95,1717.3,1723.88,48429
2020-06-19 00:00:00,1722.81,1727.05,1721.17,1726.76,9742
2020-06-19 01:00:00,1725.88,1732.82,1725.64,1730.36,13620
2020-06-19 02:00:00,1731.45,1745.28,1729.44,1742.52,51988
2020-06-22 00:00:00,1747.68,1758.53,1743.57,1750.85,16928
2020-06-22 01:00:00,1752.3,1753.64,1742.74,1745.15,20104
2020-06-22 02:00:00,1749.07,1763.2,1744.54,1755.58,58589
2020-06-23 00:00:00,1753.97,1760.47,1747.57,1751.92,18009
2020-06-23 01:00:00,1751.41,1759.09,1747.29,1756.65,23447
2020-06-23 02:00:00,1757.39,1771.07,1754.81,1769.41,52225
2020-06-24 00:00:00,1769.08,1773.8,1766.1,1768.2,14798
2020-06-24 01:00:00,1767.93,1779.43,1765.18,1776.73,18476
2020-06-24 02:00:00,1778.37,1779.43,1760.77,1764.18,65520
2020-06-25 00:00:00,1759.56,1766.19,1758.29,1762.02,13507
2020-06-25 01:00:00,1763.75,1768.87,1759.23,1760.86,19471
2020-06-25 02:00:00,1761.53,1766.51,1755.26,1762.88,50265
2020-06-26 00:00:00,1764.15,1766.34,1759.43,1760.43,7491
2020-06-26 01:00:00,1760.71,1766.72,1757.93,1762.89,15350
2020-06-26 02:00:00,1762.8,1772.03,1747.43,1769.62,55866
2020-06-29 00:00:00,1770.32,1775.43,1767.62,1772.86,14186
2020-06-29 01:00:00,1772.44,1774.91,1767.14,1770.92,17965
2020-06-29 02:00:00,1769.31,1774.09,1765.61,1771.99,34589
2020-06-30 00:00:00,1771.9,1773.69,1768.74,1771.45,7153
2020-06-30 01:00:00,1770.71,1773.78,1769.13,1771.05,15319
2020-06-30 02:00:00,1770.42,1785.94,1764.69,1781.35,43705
2020-07-01 00:00:00,1781.61,1784.38,1780.26,1784.1,10298
2020-07-01 01:00:00,1783.84,1789.08,1781.89,1786.01,14354
2020-07-01 02:00:00,1786.88,1788.46,1759.22,1770.79,60577
2020-07-02 00:00:00,1771.4,1772.09,1765.67,1768.53,8058
2020-07-02 01:00:00,1768.89,1774.35,1764.25,1773.16,15066
2020-07-02 02:00:00,1772.98,1779.39,1757.43,1775.27,49586
2020-07-03 00:00:00,1776.49,1777.08,1772.66,1773.31,7400
2020-07-03 01:00:00,1775.51,1776.93,1772.66,1775.3,12068
2020-07-03 02:00:00,1774.68,1777.1,1773.07,1774.9,11959
2020-07-06 00:00:00,1773.37,1776.89,1769.86,1772.08,7491
2020-07-06 01:00:00,1772.11,1778.89,1771.43,1775.15,13304
2020-07-06 02:00:00,1775.23,1787.0,1774.13,1785.88,40679
2020-07-07 00:00:00,1785.22,1787.16,1782.57,1784.64,8255
2020-07-07 01:00:00,1784.49,1785.13,1773.47,1775.93,16987
2020-07-07 02:00:00,1776.87,1797.34,1774.74,1795.04,47755
2020-07-08 00:00:00,1795.13,1796.58,1791.52,1793.55,7542
2020-07-08 01:00:00,1794.2,1803.86,1792.4,1803.55,15723
2020-07-08 02:00:00,1802.69,1817.92,1800.27,1808.52,48111
2020-07-09 00:00:00,1809.37,1812.16,1806.0,1811.33,8547
2020-07-09 01:00:00,1809.23,1815.91,1808.97,1813.47,12955
2020-07-09 02:00:00,1813.13,1815.41,1795.42,1803.62,56838
2020-07-10 00:00:00,1802.06,1804.27,1799.36,1801.6,8018
2020-07-10 01:00:00,1801.17,1807.27,1795.78,1806.03,15930
2020-07-10 02:00:00,1806.66,1810.43,1793.98,1798.12,39337
2020-07-13 00:00:00,1799.11,1804.81,1797.73,1803.17,7574
2020-07-13 01:00:00,1803.36,1809.99,1802.6,1807.98,10164
2020-07-13 02:00:00,1808.27,1813.31,1800.47,1804.12,54491
2020-07-14 00:00:00,1802.13,1802.97,1795.87,1798.54,11089
2020-07-14 01:00:00,1797.78,1802.33,1790.63,1793.38,17500
2020-07-14 02:00:00,1799.09,1810.84,1790.63,1808.55,54619
2020-07-15 00:00:00,1807.97,1811.27,1806.44,1807.18,7493
2020-07-15 01:00:00,1808.83,1815.04,1805.7,1808.88,15587
2020-07-15 02:00:00,1808.43,1813.25,1802.45,1810.92,44225
2020-07-16 00:00:00,1810.53,1813.29,1808.05,1810.18,6917
2020-07-16 01:00:00,1809.8,1811.27,1802.99,1805.43,16389
2020-07-16 02:00:00,1804.64,1808.84,1794.9,1795.82,41458
2020-07-17 00:00:00,1798.09,1799.45,1795.75,1798.57,8193
2020-07-17 01:00:00,1799.02,1804.61,1798.24,1804.14,10372
2020-07-17 02:00:00,1803.56,1811.95,1802.95,1810.27,30373
2020-07-20 00:00:00,1808.04,1810.71,1805.62,1807.59,10262
2020-07-20 01:00:00,1807.69,1812.39,1807.29,1809.87,13941
2020-07-20 02:00:00,1810.62,1820.53,1809.51,1817.9,45671
2020-07-21 00:00:00,1817.92,1820.15,1815.59,1818.09,9795
2020-07-21 01:00:00,1819.72,1826.35,1817.18,1825.48,18062
2020-07-21 02:00:00,1823.99,1843.47,1823.63,1841.68,58191
2020-07-22 00:00:00,1840.95,1863.1267455696898,1840.74,1855.3,25459
2020-07-22 01:00:00,1857.06,1861.11,1846.3,1857.79,31845
2020-07-22 02:00:00,1856.18,1870.42,1847.37,1869.22,71687
2020-07-23 00:00:00,1873.97,1876.4,1863.64,1869.99,22060
2020-07-23 01:00:00,1868.45,1888.57,1867.67,1880.89,30595
2020-07-23 02:00:00,1882.58,1898.36,1869.72,1884.79,87686
2020-07-24 00:00:00,1889.65,1890.49,1881.29,1887.18,15034
2020-07-24 01:00:00,1889.84,1897.88,1882.41,1888.6,26155
2020-07-24 02:00:00,1893.37,1906.5,1887.18,1901.53,58942
2020-07-27 00:00:00,1902.64,1940.5383298236138,1902.54,1929.0998141250243,33782
2020-07-27 01:00:00,1928.700756413447,1943.76,1926.5378598341983,1941.38,33828
2020-07-27 02:00:00,1941.48,1945.62,1930.93,1939.82,72838
2020-07-28 00:00:00,1943.28,1977.539906638589,1933.08,1943.17,45115
2020-07-28 01:00:00,1943.37,1950.0879813277177,1909.2023028786737,1929.66,40481
2020-07-28 02:00:00,1929.72,1961.02,1922.66,1956.69954554052,79991
2020-07-29 00:00:00,1959.1846562420524,1964.01,1945.023292115147,1953.44,18517
2020-07-29 01:00:00,1952.86,1961.14,1949.67,1954.15,25545
2020-07-29 02:00:00,1956.6,1980.75,1941.33,1968.57,68684
2020-07-30 00:00:00,1971.04,1971.32,1959.05,1962.37,15329
2020-07-30 01:00:00,1964.98,1965.01,1944.93,1953.58,39749
2020-07-30 02:00:00,1954.85,1961.88,1939.44,1953.67,72722
2020-07-31 00:00:00,1955.5,1971.47,1955.33,1968.75,22416
2020-07-31 01:00:00,1969.27,1983.97,1966.33,1974.42,29446
2020-07-31 02:00:00,1974.6,1978.3,1959.79,1972.72,74531
2020-08-03 00:00:00,1983.53,1984.9,1969.67,1973.11,19514
2020-08-03 01:00:00,1973.81,1977.47,1966.54,1967.91,21196
2020-08-03 02:00:00,1971.14,1977.6,1960.39,1975.28,54765
2020-08-04 00:00:00,1977.36,1978.57,1971.37,1972.11,9037
2020-08-04 01:00:00,1973.96,1978.81,1971.37,1975.83,20173
2020-08-04 02:00:00,1974.58,2015.7112116692697,1966.66,2012.2942033740633,71496
2020-08-05 00:00:00,2016.5258948171759,2030.95,2005.2034417480718,2015.45,25069
2020-08-05 01:00:00,2013.05,2041.68,2011.56,2037.7323681349624,35556
2020-08-05 02:00:00,2037.218235792687,2055.57,2028.7,2037.89,96317
2020-08-06 00:00:00,2040.28,2044.62,2034.44,2043.08,16609
2020-08-06 01:00:00,2043.06,2053.96,2040.85,2048.89,34781
2020-08-06 02:00:00,2048.7,2069.74,2046.37,2062.95,86047
2020-08-07 00:00:00,2066.55,2074.87,2047.84,2055.49,30780
2020-08-07 01:00:00,2056.74,2064.67,2047.84,2056.71,49710
2020-08-07 02:00:00,2058.36,2063.81,2018.6053715288108,2033.5730784303119,114370
2020-08-10 00:00:00,2029.506531689418,2038.9941208833243,2019.15,2028.75,21032
2020-08-10 01:00:00,2029.5,2035.52,2027.1,2031.28,30503
2020-08-10 02:00:00,2030.19,2049.85,2019.31,2026.11,85299
2020-08-11 00:00:00,2026.64,2029.92,2014.59,2018.39,23751
2020-08-11 01:00:00,2020.31,2021.5,1986.5036305188892,1990.9072377850978,49431
2020-08-11 02:00:00,1992.2987604901405,1995.3586621186828,1910.1007261037778,1917.4704475570197,128276
2020-08-12 00:00:00,1923.380752098028,1936.0697324237365,1868.2171452207554,1873.1240895114038,38058
2020-08-12 01:00:00,1889.7121504196055,1949.48,1862.58,1925.5928179022808,57070
2020-08-12 02:00:00,1928.324430083921,1949.19,1902.59448580883,1921.83,103264
2020-08-13 00:00:00,1919.72,1942.62,1912.66,1930.75,23643
2020-08-13 01:00:00,1935.1,1937.15,1921.45,1929.33,31866
2020-08-13 02:00:00,1930.04,1963.3938767143754,1920.14,1952.26,102757
2020-08-14 00:00:00,1951.38,1962.37,1944.73,1950.09,20963
2020-08-14 01:00:00,1948.68,1956.86,1938.72,1949.21,33600
2020-08-14 02:00:00,1945.48,1956.35,1932.07,1945.0,83259
2020-08-17 00:00:00,1944.91,1951.2,1929.4,1941.99,21611
2020-08-17 01:00:00,1941.2,1957.11,1941.0,1952.66,33022
2020-08-17 02:00:00,1951.27,1987.2266338481097,1949.84,1981.4060709496644,84898
2020-08-18 00:00:00,1979.7943606107576,1995.96,1977.1870336403954,1992.97,24460
2020-08-18 01:00:00,1990.92,2009.98,1989.45,2006.54,33356
2020-08-18 02:00:00,2007.24,2015.57,1975.86,2003.56,94032
2020-08-19 00:00:00,2005.1,2006.37,1989.75,1991.78,25788
2020-08-19 01:00:00,1993.87,1998.12,1980.32,1988.27,36975
2020-08-19 02:00:00,1986.76,1995.39,1930.601424650765,1935.1880535085409,108590
2020-08-20 00:00:00,1937.229756759079,1959.3665389649132,1924.76,1953.08,31300
2020-08-20 01:00:00,1949.63,1955.26,1924.54,1927.22,41697
2020-08-20 02:00:00,1930.91,1955.18,1924.54,1949.55,101677
2020-08-21 00:00:00,1948.08,1955.97,1940.52,1950.39,20496
2020-08-21 01:00:00,1949.85,1951.58,1928.13,1933.76,35805
2020-08-21 02:00:00,1935.54,1945.69,1911.26,1938.54,96399
2020-08-24 00:00:00,1936.69,1938.44,1929.88,1933.25,19284
2020-08-24 01:00:00,1931.78,1950.64,1930.59,1948.28,28728
2020-08-24 02:00:00,1947.39,1961.88,1923.74,1924.56,85357
2020-08-25 00:00:00,1930.34,1937.49,1926.43,1935.71,16761
2020-08-25 01:00:00,1936.18,1937.29,1921.19,1926.21,31077
2020-08-25 02:00:00,1923.57,1931.75,1914.19,1928.05,86576
2020-08-26 00:00:00,1928.28,1931.5,1924.05,1926.04,15636
2020-08-26 01:00:00,1925.61,1927.8,1913.8,1918.66,30500
2020-08-26 02:00:00,1919.74,1952.1531591296093,1902.64,1950.5494650404526,90575
2020-08-27 00:00:00,1948.8282331945807,1954.14,1934.9375902885154,1942.06,21366
2020-08-27 01:00:00,1942.82,1948.67,1936.94,1941.92,28133
2020-08-27 02:00:00,1942.19,1973.8349852730366,1912.3989036115406,1928.33,112166
2020-08-28 00:00:00,1929.98,1945.1209970546074,1923.15,1940.57,20092
2020-08-28 01:00:00,1940.74,1959.9,1938.77,1951.65,40561
2020-08-28 02:00:00,1955.91,1973.78,1948.17,1964.52,92126
2020-08-31 00:00:00,1969.07,1976.54,1967.47,1970.6,19861
2020-08-31 01:00:00,1970.21,1971.63,1954.23,1964.98,22683
2020-08-31 02:00:00,1964.6,1975.07,1960.25,1969.04,58856
2020-09-01 00:00:00,1968.35,1989.45,1965.15,1985.19,19964
2020-09-01 01:00:00,1983.98,1992.29,1982.03,1989.84,24992
2020-09-01 02:00:00,1987.79,1991.68,1963.35,1969.71,68040
2020-09-02 00:00:00,1968.21,1973.26,1958.78,1965.37,16748
2020-09-02 01:00:00,1964.77,1971.87,1955.91,1967.99,24218
2020-09-02 02:00:00,1970.19,1970.86,1932.39,1943.41,76537
2020-09-03 00:00:00,1944.7478962828914,1950.94,1939.43,1943.99,14387
2020-09-03 01:00:00,1945.64,1946.49,1927.13,1931.8,27789
2020-09-03 02:00:00,1930.93,1945.89,1921.75,1931.03,81663
2020-09-04 00:00:00,1931.28,1942.26,1925.62,1939.05,19004
2020-09-04 01:00:00,1936.55,1941.64,1930.7,1938.4,24672
2020-09-04 02:00:00,1938.98,1948.36,1916.27,1931.82,80452
2020-09-07 00:00:00,1932.07,1941.37,1931.98,1934.76,14847
2020-09-07 01:00:00,1935.51,1936.7,1924.44,1926.32,18857
2020-09-07 02:00:00,1928.75,1932.65,1924.44,1928.29,22518
2020-09-08 00:00:00,1929.54,1932.0,1922.73,1925.56,12831
2020-09-08 01:00:00,1923.63,1935.51,1911.06,1914.63,29622
2020-09-08 02:00:00,1919.91,1940.84,1906.54,1932.0,89311
2020-09-09 00:00:00,1931.59,1932.73,1923.11,1929.49,15467
2020-09-09 01:00:00,1930.09,1934.49,1923.99,1925.34,26284
2020-09-09 02:00:00,1929.15,1950.84,1919.95,1947.44,67023
2020-09-10 00:00:00,1946.3,1950.9,1943.62,1945.41,15193
2020-09-10 01:00:00,1946.57,1950.67,1942.35,1949.32,25089
2020-09-10 02:00:00,1949.08,1966.53,1941.35,1944.45,87312
2020-09-11 00:00:00,1946.32,1949.38,1937.12,1939.8,20332
2020-09-11 01:00:00,1940.55,1947.19,1937.79,1945.53,26522
2020-09-11 02:00:00,1946.72,1954.8,1938.28,1941.82,71353
2020-09-14 00:00:00,1937.74,1951.75,1937.36,1948.18,15933
2020-09-14 01:00:00,1949.15,1949.38,1940.68,1943.39,21081
2020-09-14 02:00:00,1941.74,1962.56,1939.94,1957.99,59961
2020-09-15 00:00:00,1957.68,1967.07,1955.14,1965.54,15423
2020-09-15 01:00:00,1964.68,1969.27,1960.28,1966.65,22232
2020-09-15 02:00:00,1964.42,1972.21,1948.29,1954.16,66322
2020-09-16 00:00:00,1954.52,1961.34,1949.87,1960.54,14466
2020-09-16 01:00:00,1959.42,1968.73,1957.09,1966.15,23033
2020-09-16 02:00:00,1964.56,1973.64,1952.7,1958.02,78784
2020-09-17 00:00:00,1959.47,1960.96,1937.8,1939.83,25934
2020-09-17 01:00:00,1939.61,1947.36,1936.97,1941.1,29095
2020-09-17 02:00:00,1941.34,1949.47,1932.87,1945.95,63891
2020-09-18 00:00:00,1944.43,1955.54,1943.93,1951.77,15868
2020-09-18 01:00:00,1952.03,1956.15,1950.69,1954.16,23065
2020-09-18 02:00:00,1954.54,1960.1,1945.13,1950.97,66935
2020-09-21 00:00:00,1949.75,1955.62,1946.43,1953.61,16114
2020-09-21 01:00:00,1953.23,1954.91,1928.37,1931.93,33305
2020-09-21 02:00:00,1931.71,1934.56,1887.6350437486408,1912.07,94254
2020-09-22 00:00:00,1914.34,1920.03,1906.66,1914.11,22945
2020-09-22 01:00:00,1911.69,1916.26,1894.64,1905.72,40136
2020-09-22 02:00:00,1903.62,1917.55,1896.69,1901.46,78548
2020-09-23 00:00:00,1900.62,1905.39,1886.75,1889.1,26895
2020-09-23 01:00:00,1893.1,1893.16,1873.16,1892.85,50792
2020-09-23 02:00:00,1888.81,1894.98,1855.67,1862.688279423725,98819
2020-09-24 00:00:00,1866.5647940256317,1871.51228164704,1853.77,1855.87,31791
2020-09-24 01:00:00,1856.02,1861.41,1848.75,1855.15,47349
2020-09-24 02:00:00,1852.23,1877.15,1850.92,1870.23,110896
2020-09-25 00:00:00,1869.77,1871.57,1861.81,1871.33,20506
2020-09-25 01:00:00,1869.2,1875.18,1859.58,1859.72,37629
2020-09-25 02:00:00,1866.26,1866.89,1852.37,1861.69,89576
2020-09-28 00:00:00,1862.9,1866.0,1857.7,1862.83,16958
2020-09-28 01:00:00,1861.28,1863.94,1848.93,1860.2,35602
2020-09-28 02:00:00,1852.19,1882.9,1851.01,1881.17,73889
2020-09-29 00:00:00,1878.5263526014946,1887.22,1876.1013700797841,1882.64,15224
2020-09-29 01:00:00,1882.92,1886.2,1875.49,1884.38,32260
2020-09-29 02:00:00,1886.1,1899.12,1877.38,1897.59,76709
2020-09-30 00:00:00,1897.69,1899.35,1887.1,1889.19,17491
2020-09-30 01:00:00,1889.32,1891.9,1881.34,1883.44,27585
2020-09-30 02:00:00,1884.79,1902.27,1881.67,1886.01,82328
2020-10-01 00:00:00,1887.32,1893.48,1884.67,1892.58,12960
2020-10-01 01:00:00,1892.43,1900.26,1892.1,1897.64,23035
2020-10-01 02:00:00,1897.57,1912.12,1895.32,1905.36,94789
2020-10-02 00:00:00,1904.72,1907.41,1891.32,1893.7,13844
2020-10-02 01:00:00,1894.5,1917.1,1889.76,1908.15,34716
2020-10-02 02:00:00,1907.47,1912.03,1898.18,1900.63,64468
2020-10-05 00:00:00,1903.47,1904.32,1891.77,1892.73,16101
2020-10-05 01:00:00,1892.69,1901.53,1887.05,1898.33,22615
2020-10-05 02:00:00,1900.69,1918.73,1897.84,1913.36,59977
2020-10-06 00:00:00,1911.96,1914.58,1908.27,1911.44,11816
2020-10-06 01:00:00,1912.0,1914.49,1906.62,1912.62,20615
2020-10-06 02:00:00,1912.46,1921.09,1883.41,1888.669444955937,71347
2020-10-07 00:00:00,1881.3187001449721,1887.6950707416438,1872.94,1883.02,18431
2020-10-07 01:00:00,1882.87,1898.01,1881.91,1888.49,22855
2020-10-07 02:00:00,1888.29,1891.83,1879.13,1888.11,54700
2020-10-08 00:00:00,1887.27,1889.33,1883.36,1885.62,12302
2020-10-08 01:00:00,1885.25,1895.37,1884.34,1892.26,22069
2020-10-08 02:00:00,1892.57,1900.62,1882.0,1893.81,57499
2020-10-09 00:00:00,1893.93,1912.89,1893.58,1909.64,16802
2020-10-09 01:00:00,1910.85,1916.55,1905.63,1914.7,20973
2020-10-09 02:00:00,1913.76,1929.67,1912.29,1928.86,56702
2020-10-12 00:00:00,1926.89,1933.18,1921.41,1928.64,22204
2020-10-12 01:00:00,1927.2,1931.88,1919.02,1923.28,23008
2020-10-12 02:00:00,1922.21,1928.38,1918.2,1922.86,45901
2020-10-13 00:00:00,1923.88,1925.37,1910.17,1910.58,18950
2020-10-13 01:00:00,1911.36,1925.14,1910.17,1921.33,23162
2020-10-13 02:00:00,1921.04,1924.07,1886.37,1894.7142193443092,58911
2020-10-14 00:00:00,1895.6148402512329,1900.524288712506,1882.46,1896.7,18923
2020-10-14 01:00:00,1896.04,1900.36,1892.68,1898.11,18793
2020-10-14 02:00:00,1897.95,1912.94,1894.51,1901.11,52530
2020-10-15 00:00:00,1901.54,1902.58,1891.86,1900.12,17158
2020-10-15 01:00:00,1898.24,1903.68,1889.82,1896.84,27492
2020-10-15 02:00:00,1896.65,1908.5,1889.48,1907.59,58447
2020-10-16 00:00:00,1908.74,1910.67,1904.21,1904.35,12918
2020-10-16 01:00:00,1905.94,1912.49,1902.73,1909.32,21463
2020-10-16 02:00:00,1907.4,1913.92,1897.76,1898.96,46633
2020-10-19 00:00:00,1899.71,1902.97,1896.98,1901.26,15234
2020-10-19 01:00:00,1900.95,1913.5,1900.12,1912.7,20011
2020-10-19 02:00:00,1911.21,1918.47,1900.59,1903.28,47132
2020-10-20 00:00:00,1903.5,1904.49,1894.81,1902.2,15034
2020-10-20 01:00:00,1900.92,1908.11,1898.72,1907.3,20216
2020-10-20 02:00:00,1906.11,1914.03,1897.45,1909.89,46366
2020-10-21 00:00:00,1910.14,1920.37,1908.41,1918.58,15947
2020-10-21 01:00:00,1917.67,1922.73,1914.51,1917.95,22452
2020-10-21 02:00:00,1916.51,1931.36,1914.85,1923.43,50189
2020-10-22 00:00:00,1924.65,1925.94,1910.57,1913.81,16561
2020-10-22 01:00:00,1913.77,1920.35,1913.09,1917.79,18751
2020-10-22 02:00:00,1917.86,1918.73,1894.5,1904.59,50566
2020-10-23 00:00:00,1904.81,1907.71,1901.32,1904.97,12695
2020-10-23 01:00:00,1906.42,1912.14,1902.63,1909.54,18052
2020-10-23 02:00:00,1909.22,1914.19,1894.29,1902.74,43226
2020-10-26 00:00:00,1893.44,1902.42,1893.41,1897.79,15323
2020-10-26 01:00:00,1897.53,1905.45,1894.83,1903.98,23110
2020-10-26 02:00:00,1904.61,1908.52,1898.88,1901.68,45804
2020-10-27 00:00:00,1902.39,1910.35,1901.9,1907.82,14345
2020-10-27 01:00:00,1907.59,1910.38,1897.84,1902.58,23339
2020-10-27 02:00:00,1900.81,1911.42,1900.56,1907.35,35580
2020-10-28 00:00:00,1904.72,1908.8,1902.41,1907.36,13336
2020-10-28 01:00:00,1908.2,1910.87,1891.88,1893.94,25996
2020-10-28 02:00:00,1896.46,1896.68,1869.36,1876.81,70131
2020-10-29 00:00:00,1877.91,1883.27,1875.77,1882.66,15249
2020-10-29 01:00:00,1882.01,1884.97,1875.15,1877.25,24503
2020-10-29 02:00:00,1877.97,1879.01,1859.92,1867.11,63346
2020-10-30 00:00:00,1866.61,1878.07,1864.45,1873.32,18076
2020-10-30 01:00:00,1873.59,1877.43,1866.69,1874.66,30100
2020-10-30 02:00:00,1876.23,1889.79,1874.09,1878.37,57034
2020-11-02 00:00:00,1879.27,1885.63,1873.41,1881.96,19898
2020-11-02 01:00:00,1880.51,1890.6,1880.4,1887.7,26878
2020-11-02 02:00:00,1888.35,1895.83,1885.78,1895.52,47475
2020-11-03 00:00:00,1894.95,1898.61,1890.69,1893.27,14620
2020-11-03 01:00:00,1891.81,1900.84,1886.86,1898.11,23619
2020-11-03 02:00:00,1897.04,1910.55,1896.95,1907.67,47963
2020-11-04 00:00:00,1909.17,1916.31,1881.82,1900.24,43382
2020-11-04 01:00:00,1898.78,1902.98,1887.15,1891.74,37406
2020-11-04 02:00:00,1889.18,1912.18,1887.48,1902.87,62001
2020-11-05 00:00:00,1903.22,1909.69,1902.45,1907.12,18289
2020-11-05 01:00:00,1906.27,1919.17,1905.46,1917.03,35312
2020-11-05 02:00:00,1918.21,1949.2158824547964,1914.63,1944.2124264885915,86343
2020-11-06 00:00:00,1943.2215525351628,1949.34,1935.59,1941.06,31052
2020-11-06 01:00:00,1936.83,1958.07,1936.33,1956.07,33229
2020-11-06 02:00:00,1951.32,1960.29,1941.16,1951.91,69862
2020-11-09 00:00:00,1957.18,1964.67,1952.61,1963.83,28220
2020-11-09 01:00:00,1962.57,1965.46,1953.46,1955.25,32894
2020-11-09 02:00:00,1958.73,1958.77,1860.7464804624692,1877.1378427152954,120025
2020-11-10 00:00:00,1870.794339939362,1892.5124779632954,1860.69,1881.53,31384
2020-11-10 01:00:00,1883.63,1890.35,1867.43,1876.46,40532
2020-11-10 02:00:00,1868.73,1885.26,1867.43,1874.35,78513
2020-11-11 00:00:00,1875.53,1883.38,1874.29,1881.42,20034
2020-11-11 01:00:00,1880.05,1884.41,1869.87,1874.24,29161
2020-11-11 02:00:00,1876.04,1878.91,1856.43,1865.26,64853
2020-11-12 00:00:00,1866.76,1872.48,1862.69,1872.3,18560
2020-11-12 01:00:00,1869.94,1873.04,1863.3,1871.39,31388
2020-11-12 02:00:00,1868.42,1883.81,1867.53,1876.22,61815
2020-11-13 00:00:00,1877.12,1881.94,1873.97,1878.16,15783
2020-11-13 01:00:00,1877.28,1881.12,1875.77,1878.21,23302
2020-11-13 02:00:00,1878.82,1896.75,1877.27,1887.76,55265
2020-11-16 00:00:00,1887.89,1899.01,1887.62,1893.22,18753
2020-11-16 01:00:00,1895.62,1895.73,1887.49,1891.49,29436
2020-11-16 02:00:00,1891.57,1896.05,1864.46,1889.48,72222
2020-11-17 00:00:00,1889.5,1892.42,1886.89,1887.43,16607
2020-11-17 01:00:00,1888.46,1892.65,1884.24,1888.46,27892
2020-11-17 02:00:00,1888.69,1893.43,1876.84,1881.31,49607
2020-11-18 00:00:00,1881.56,1883.19,1875.66,1880.91,14907
2020-11-18 01:00:00,1879.48,1884.65,1871.54,1875.12,24858
2020-11-18 02:00:00,1874.76,1884.82,1863.47,1870.31,50996
2020-11-19 00:00:00,1873.83,1874.13,1865.87,1866.91,14609
2020-11-19 01:00:00,1866.83,1868.34,1855.16,1861.04,30617
2020-11-19 02:00:00,1858.68,1867.63,1852.69,1867.2,46104
2020-11-20 00:00:00,1861.33,1869.05,1860.76,1868.56,13833
2020-11-20 01:00:00,1867.59,1869.8,1860.9,1866.23,23369
2020-11-20 02:00:00,1865.56,1879.75,1863.46,1870.54,35135
2020-11-23 00:00:00,1870.86,1876.05,1870.13,1874.63,12146
2020-11-23 01:00:00,1873.63,1876.14,1863.46,1864.32,20822
2020-11-23 02:00:00,1865.54,1869.12,1834.3054207231444,1839.0546905492654,59744
2020-11-24 00:00:00,1841.5125998471353,1842.108377849776,1821.31,1825.12,25192
2020-11-24 01:00:00,1824.71,1832.9,1807.6,1809.6,30120
2020-11-24 02:00:00,1812.75,1815.92,1800.25,1806.67,63442
2020-11-25 00:00:00,1807.66,1812.14,1801.73,1804.78,15258
2020-11-25 01:00:00,1804.68,1815.15,1802.6,1809.7,24283
2020-11-25 02:00:00,1808.64,1817.63,1804.03,1805.84,43404
2020-11-26 00:00:00,1809.01,1812.67,1806.71,1809.8,11622
2020-11-26 01:00:00,1810.68,1818.22,1806.8,1814.04,19789
2020-11-26 02:00:00,1814.65,1815.21,1805.7,1810.2,18458
2020-11-27 00:00:00,1810.24,1813.88,1806.9,1808.23,10634
2020-11-27 01:00:00,1807.88,1811.47,1802.68,1807.24,18368
2020-11-27 02:00:00,1807.42,1808.26,1777.2453697457167,1786.76,50383
2020-11-30 00:00:00,1789.31,1789.86,1764.38,1766.6,21799
2020-11-30 01:00:00,1769.93,1783.72,1764.64,1772.03,28055
2020-11-30 02:00:00,1767.56,1784.42,1765.46,1776.15,52454
2020-12-01 00:00:00,1776.97,1787.18,1775.74,1784.34,13176
2020-12-01 01:00:00,1784.26,1810.11,1783.67,1806.49,23802
2020-12-01 02:00:00,1799.11,1817.27,1799.11,1814.41,51330
2020-12-02 00:00:00,1812.97,1815.42,1807.92,1809.01,12471
2020-12-02 01:00:00,1809.49,1832.55,1807.43,1829.0,25136
2020-12-02 02:00:00,1829.76,1830.97,1812.71,1830.85,45179
2020-12-03 00:00:00,1829.36,1837.28,1826.1,1834.1,12821
2020-12-03 01:00:00,1836.13,1843.49,1830.55,1841.25,21307
2020-12-03 02:00:00,1839.32,1843.91,1823.64,1840.91,57434
2020-12-04 00:00:00,1841.28,1844.76,1838.02,1841.0,10627
2020-12-04 01:00:00,1840.79,1844.3,1837.85,1838.89,17818
2020-12-04 02:00:00,1839.8,1848.17,1829.11,1838.31,46314
2020-12-07 00:00:00,1836.86,1840.95,1833.07,1840.39,13851
2020-12-07 01:00:00,1839.08,1842.41,1821.99,1831.0,25082
2020-12-07 02:00:00,1831.69,1865.8876180522614,1827.49,1861.8342706184349,44348
2020-12-08 00:00:00,1859.929427532683,1871.87,1857.5364707699312,1869.67,13064
2020-12-08 01:00:00,1870.19,1870.94,1860.17,1861.06,21155
2020-12-08 02:00:00,1863.33,1875.28,1860.17,1871.22,43551
2020-12-09 00:00:00,1869.35,1870.53,1855.65,1860.49,13387
2020-12-09 01:00:00,1860.48,1866.12,1856.07,1859.92,24504
2020-12-09 02:00:00,1858.31,1864.12,1828.4757124706462,1839.0,63508
2020-12-10 00:00:00,1838.49,1842.42,1833.67,1840.57,14575
2020-12-10 01:00:00,1840.23,1841.53,1828.62,1835.63,22692
2020-12-10 02:00:00,1835.67,1849.98,1830.21,1835.2,55336
2020-12-11 00:00:00,1837.03,1840.68,1834.73,1837.56,12813
2020-12-11 01:00:00,1837.52,1839.68,1823.91,1826.63,22155
2020-12-11 02:00:00,1832.0,1847.66,1823.91,1839.13,43676
2020-12-14 00:00:00,1837.07,1838.15,1833.59,1833.88,12173
2020-12-14 01:00:00,1835.84,1835.84,1818.34,1825.7,22090
2020-12-14 02:00:00,1824.36,1839.02,1822.15,1828.99,44846
2020-12-15 00:00:00,1828.4,1836.4,1825.46,1835.26,12378
2020-12-15 01:00:00,1835.77,1847.54,1834.95,1843.47,22479
2020-12-15 02:00:00,1846.26,1855.32,1842.41,1853.91,41059
2020-12-16 00:00:00,1853.88,1858.32,1851.0,1856.74,12362
2020-12-16 01:00:00,1856.9,1865.77,1853.07,1863.67,25829
2020-12-16 02:00:00,1863.13,1865.77,1844.71,1863.42,65809
2020-12-17 00:00:00,1863.46,1868.77,1862.01,1866.55,13555
2020-12-17 01:00:00,1868.3,1883.16,1866.14,1877.71,27268
2020-12-17 02:00:00,1874.86,1896.19,1873.91,1885.93,56237
2020-12-18 00:00:00,1884.71,1886.73,1878.49,1886.1,13412
2020-12-18 01:00:00,1884.75,1886.73,1877.38,1878.26,19513
2020-12-18 02:00:00,1878.93,1889.58,1877.64,1880.4,47319
2020-12-21 00:00:00,1882.51,1902.65,1882.13,1901.63,22795
2020-12-21 01:00:00,1899.84,1906.7,1857.6130199107597,1873.39,44164
2020-12-21 02:00:00,1872.9783657658845,1885.71,1869.25,1876.38,72230
2020-12-22 00:00:00,1879.31,1884.21,1875.69,1877.79,18499
2020-12-22 01:00:00,1880.66,1881.1,1866.54,1873.81,31235
2020-12-22 02:00:00,1872.85,1881.45,1858.93,1861.7,53959
2020-12-23 00:00:00,1861.01,1868.0,1860.4,1866.35,19962
2020-12-23 01:00:00,1866.85,1872.33,1863.02,1866.11,26488
2020-12-23 02:00:00,1865.64,1878.56,1857.06,1872.45,54777
2020-12-24 00:00:00,1873.39,1880.0,1870.97,1876.9,14551
2020-12-24 01:00:00,1875.38,1880.58,1871.09,1875.09,19712
2020-12-24 02:00:00,1872.75,1883.46,1869.5,1879.3,23926
2020-12-28 00:00:00,1888.4,1900.2,1885.16,1894.73,18143
2020-12-28 01:00:00,1894.64,1895.64,1875.3,1876.31,23435
2020-12-28 02:00:00,1879.39,1896.47,1869.12,1872.83,46009
2020-12-29 00:00:00,1875.23,1882.72,1874.91,1878.66,16575
2020-12-29 01:00:00,1877.19,1883.44,1874.18,1877.92,19444
2020-12-29 02:00:00,1877.68,1886.44,1871.71,1877.89,41264
2020-12-30 00:00:00,1877.31,1886.13,1876.92,1884.29,12607
2020-12-30 01:00:00,1885.48,1885.61,1877.51,1880.22,16519
2020-12-30 02:00:00,1879.17,1893.53,1876.08,1892.48,35821
2020-12-31 00:00:00,1893.47,1899.78,1885.41,1889.69,16423
2020-12-31 01:00:00,1888.83,1896.05,1885.41,1894.91,21449
2020-12-31 02:00:00,1893.02,1900.38,1890.21,1893.68,28219
2021-01-04 00:00:00,1909.07,1922.6940680974085,1907.72,1917.9660796760495,23947
2021-01-04 01:00:00,1922.66,1936.42,1918.93,1935.32,24894
2021-01-04 02:00:00,1933.57,1944.43,1929.39,1942.19,64054
2021-01-05 00:00:00,1941.49,1945.58,1934.31,1939.77,19898
2021-01-05 01:00:00,1939.7,1949.63,1937.0,1948.21,23664
2021-01-05 02:00:00,1946.88,1953.09,1939.04,1948.65,54730
2021-01-06 00:00:00,1949.89,1955.34,1941.41,1944.71,28303
2021-01-06 01:00:00,1944.65,1959.29,1943.07,1950.61,28874
2021-01-06 02:00:00,1956.63,1957.83,1905.0090141202322,1921.067065410764,89333
2021-01-07 00:00:00,1924.2867914875237,1927.978895016483,1914.7,1918.03,21664
2021-01-07 01:00:00,1917.79,1927.64,1908.73,1920.4,30323
2021-01-07 02:00:00,1911.98,1921.1,1906.77,1914.72,56692
2021-01-08 00:00:00,1916.18,1917.48,1906.5,1910.7,18561
2021-01-08 01:00:00,1909.33,1911.67,1880.4801340845183,1893.43,32802
2021-01-08 02:00:00,1891.04,1894.53,1833.7820268169035,1852.1258433321864,106105
2021-01-11 00:00:00,1858.7610845946551,1859.8540997692808,1817.0,1834.64,30619
2021-01-11 01:00:00,1836.995216918931,1855.33,1832.93,1850.48,33360
2021-01-11 02:00:00,1852.0,1852.43,1829.01,1844.95,59560
2021-01-12 00:00:00,1847.51,1852.23,1841.27,1851.83,18736
2021-01-12 01:00:00,1850.7,1863.8,1849.49,1860.92,26162
2021-01-12 02:00:00,1859.89,1862.72,1836.7,1855.32,62772
2021-01-13 00:00:00,1855.04,1862.94,1853.89,1859.24,16072
2021-01-13 01:00:00,1859.71,1862.69,1849.29,1854.64,25031
2021-01-13 02:00:00,1854.36,1861.19,1845.75,1848.68,48477
2021-01-14 00:00:00,1847.51,1852.19,1830.94,1842.47,21070
2021-01-14 01:00:00,1840.22,1847.02,1836.13,1840.44,27055
2021-01-14 02:00:00,1838.85,1857.45,1836.7,1848.28,57586
2021-01-15 00:00:00,1847.79,1855.59,1845.4,1852.79,15289
2021-01-15 01:00:00,1853.3,1856.85,1846.7,1851.3,26608
2021-01-15 02:00:00,1853.97,1854.73,1823.39,1826.45,85387
2021-01-18 00:00:00,1830.905910121006,1832.39,1810.29,1829.78,28498
2021-01-18 01:00:00,1828.83,1840.72,1828.16,1833.56,30358
2021-01-18 02:00:00,1832.68,1839.29,1829.6,1837.52,33879
2021-01-19 00:00:00,1838.41,1843.62,1835.97,1839.55,21555
2021-01-19 01:00:00,1839.64,1845.51,1836.21,1844.58,28420
2021-01-19 02:00:00,1844.67,1845.26,1833.12,1838.88,62138
2021-01-20 00:00:00,1840.51,1850.99,1839.42,1849.34,20097
2021-01-20 01:00:00,1849.5,1857.37,1848.11,1852.59,27688
2021-01-20 02:00:00,1853.72,1870.89,1832.49,1870.6,80258
2021-01-21 00:00:00,1871.58,1872.85,1863.7950404371877,1871.85,20690
2021-01-21 01:00:00,1871.05,1875.01,1866.11,1872.31,31367
2021-01-21 02:00:00,1870.15,1872.45,1858.32,1869.51,69228
2021-01-22 00:00:00,1869.76,1870.81,1859.91,1862.9,22023
2021-01-22 01:00:00,1864.09,1864.09,1845.52,1847.89,37406
2021-01-22 02:00:00,1852.0,1858.36,1837.4,1853.49,78030
2021-01-25 00:00:00,1858.02,1860.01,1852.83,1855.28,23186
2021-01-25 01:00:00,1854.39,1865.96,1849.64,1863.12,36112
2021-01-25 02:00:00,1862.71,1867.93,1847.11,1855.4,82336
2021-01-26 00:00:00,1855.26,1861.73,1853.21,1856.4,20875
2021-01-26 01:00:00,1856.42,1857.78,1848.4,1851.61,32438
2021-01-26 02:00:00,1849.34,1860.1,1848.87,1851.06,60821
2021-01-27 00:00:00,1851.58,1851.64,1843.21,1846.8,21331
2021-01-27 01:00:00,1847.51,1853.11,1842.93,1843.54,30355
2021-01-27 02:00:00,1846.69,1850.61,1831.35,1842.17,95243
2021-01-28 00:00:00,1842.66,1843.42,1834.0,1838.29,30077
2021-01-28 01:00:00,1837.16,1843.67,1834.12,1840.49,37847
2021-01-28 02:00:00,1841.68,1864.0,1835.03,1842.66,105866
2021-01-29 00:00:00,1843.12,1845.94,1839.59,1845.04,28057
2021-01-29 01:00:00,1842.94,1860.11,1842.25,1859.41,50594
2021-01-29 02:00:00,1857.49,1875.69,1841.52,1845.82,119223
2021-02-01 00:00:00,1855.57,1863.94,1849.15,1860.38,49210
2021-02-01 01:00:00,1860.38,1871.78,1856.46,1860.3,65166
2021-02-01 02:00:00,1859.97,1869.52,1856.69,1860.58,109656
2021-02-02 00:00:00,1859.37,1864.05,1852.77,1854.99,35176
2021-02-02 01:00:00,1854.04,1857.22,1844.84,1847.03,48837
2021-02-02 02:00:00,1849.41,1850.04,1829.53,1836.76,100341
2021-02-03 00:00:00,1837.38,1844.98,1836.19,1842.32,24716
2021-02-03 01:00:00,1840.6,1842.8,1832.62,1836.1,33783
2021-02-03 02:00:00,1834.78,1842.32,1829.81,1833.72,72284
2021-02-04 00:00:00,1834.12,1834.74,1819.61,1820.98,28957
2021-02-04 01:00:00,1822.27,1827.21,1810.36,1811.83,44907
2021-02-04 02:00:00,1811.83,1819.56,1787.6745151156667,1793.24,89162
2021-02-05 00:00:00,1795.17,1797.87,1791.98,1796.87,21103
2021-02-05 01:00:00,1795.49,1811.24,1795.12,1806.87,31720
2021-02-05 02:00:00,1807.46,1815.2,1793.47,1810.46,77751
2021-02-08 00:00:00,1817.35,1818.87,1808.38,1815.31,26359
2021-02-08 01:00:00,1810.87,1818.39,1807.77,1818.01,32858
2021-02-08 02:00:00,1815.45,1839.19,1815.44,1830.96,80186
2021-02-09 00:00:00,1830.87,1843.34,1828.83,1840.97,22015
2021-02-09 01:00:00,1841.22,1848.56,1838.16,1842.75,34461
2021-02-09 02:00:00,1841.82,1847.56,1832.19,1836.64,70739
2021-02-10 00:00:00,1838.59,1845.23,1834.05,1843.02,19898
2021-02-10 01:00:00,1843.84,1846.96,1839.02,1841.09,29397
2021-02-10 02:00:00,1841.59,1855.31,1834.92,1842.16,76952
2021-02-11 00:00:00,1843.91,1844.24,1834.05,1837.0,15363
2021-02-11 01:00:00,1835.91,1845.87,1835.24,1840.51,24278
2021-02-11 02:00:00,1840.53,1847.54,1821.2,1826.46,68042
2021-02-12 00:00:00,1826.11,1827.9,1819.36,1823.26,13115
2021-02-12 01:00:00,1822.61,1824.35,1812.48,1817.78,29650
2021-02-12 02:00:00,1820.54,1830.68,1810.52,1822.36,70584
2021-02-15 00:00:00,1824.88,1827.02,1820.11,1824.02,18325
2021-02-15 01:00:00,1822.67,1825.33,1816.09,1820.31,27974
2021-02-15 02:00:00,1818.49,1824.33,1816.07,1818.72,28859
2021-02-16 00:00:00,1819.62,1826.42,1817.5,1822.45,19619
2021-02-16 01:00:00,1824.55,1825.67,1818.87,1820.9,32735
2021-02-16 02:00:00,1822.85,1823.66,1792.3862548511374,1796.8608716952178,100800
2021-02-17 00:00:00,1795.6840919961355,1798.0427592993583,1786.64,1792.18,24088
2021-02-17 01:00:00,1792.91,1793.98,1783.68,1788.48,38581
2021-02-17 02:00:00,1789.33,1793.46,1769.47,1775.7,93970
2021-02-18 00:00:00,1776.95,1785.83,1776.05,1782.44,26846
2021-02-18 01:00:00,1782.66,1789.01,1778.87,1785.46,38778
2021-02-18 02:00:00,1784.99,1789.62,1768.42,1776.47,86111
2021-02-19 00:00:00,1776.46,1776.98,1760.64,1768.51,36065
2021-02-19 01:00:00,1767.91,1777.63,1767.78,1771.33,39964
2021-02-19 02:00:00,1772.12,1791.63,1767.87,1781.87,87096
2021-02-22 00:00:00,1786.78,1789.71,1780.68,1786.43,38008
2021-02-22 01:00:00,1784.83,1799.22,1784.83,1797.61,46887
2021-02-22 02:00:00,1796.16,1812.69,1793.5,1807.65,95711
2021-02-23 00:00:00,1809.4,1816.01,1806.25,1810.45,27323
2021-02-23 01:00:00,1812.68,1814.66,1803.64,1806.91,43015
2021-02-23 02:00:00,1805.77,1812.82,1795.6,1804.73,92457
2021-02-24 00:00:00,1806.6,1813.94,1804.8,1808.43,28720
2021-02-24 01:00:00,1809.21,1810.11,1803.09,1809.13,40244
2021-02-24 02:00:00,1807.06,1810.2,1783.63,1802.31,96924
2021-02-25 00:00:00,1803.65,1804.23,1793.92,1797.49,29932
2021-02-25 01:00:00,1797.92,1801.23,1787.32,1789.34,50023
2021-02-25 02:00:00,1794.79,1795.24,1765.28,1772.78,150103
2021-02-26 00:00:00,1772.25,1775.76,1765.25,1768.76,46366
2021-02-26 01:00:00,1767.86,1770.13,1755.32,1759.87,65784
2021-02-26 02:00:00,1764.54,1767.11,1721.2112035057576,1734.968628181793,137926
2021-03-01 00:00:00,1740.567700083016,1751.69,1735.36,1750.31,36529
2021-03-01 01:00:00,1749.85,1759.89,1743.46,1744.03,46777
2021-03-01 02:00:00,1745.63,1747.48,1719.63,1725.9,108442
2021-03-02 00:00:00,1723.03,1728.47,1707.2,1713.15,41571
2021-03-02 01:00:00,1713.44,1733.34,1710.72,1729.97,52080
2021-03-02 02:00:00,1727.83,1738.47,1720.33,1735.5,93407
2021-03-03 00:00:00,1738.15,1740.49,1729.98,1733.9,25181
2021-03-03 01:00:00,1735.23,1735.94,1722.28,1722.94,40141
2021-03-03 02:00:00,1726.56,1726.71,1701.86,1714.45,113515
2021-03-04 00:00:00,1710.88,1716.71,1706.66,1714.78,35209
2021-03-04 01:00:00,1715.0,1721.32,1706.18,1713.89,50171
2021-03-04 02:00:00,1715.36,1723.19,1690.54,1699.6,137211
2021-03-05 00:00:00,1697.83,1698.73,1687.34,1693.54,36412
2021-03-05 01:00:00,1692.08,1700.4,1690.98,1696.85,43828
2021-03-05 02:00:00,1694.73,1707.62,1687.28,1699.43,115596
2021-03-08 00:00:00,1706.24,1714.29,1704.35,1708.57,37251
2021-03-08 01:00:00,1707.77,1709.51,1689.43,1689.43,48124
2021-03-08 02:00:00,1692.64,1696.57,1676.82,1681.26,103883
2021-03-09 00:00:00,1684.52,1691.53,1680.12,1689.34,31892
2021-03-09 01:00:00,1687.52,1707.71,1687.12,1707.55,43420
2021-03-09 02:00:00,1702.77,1720.58,1701.72,1717.07,89514
2021-03-10 00:00:00,1715.33,1719.57,1710.82,1712.63,26376
2021-03-10 01:00:00,1713.13,1716.67,1708.71,1708.81,35007
2021-03-10 02:00:00,1711.24,1726.28,1708.2,1725.27,92044
2021-03-11 00:00:00,1726.56,1734.66,1723.22,1732.08,24315
2021-03-11 01:00:00,1732.26,1739.82,1731.44,1735.34,36563
2021-03-11 02:00:00,1735.98,1737.22,1719.27,1724.23,84772
2021-03-12 00:00:00,1721.63,1727.96,1716.85,1718.86,23388
2021-03-12 01:00:00,1718.82,1719.69,1699.21,1701.73,45296
2021-03-12 02:00:00,1703.41,1725.28,1699.51,1724.29,84616
2021-03-15 00:00:00,1727.77,1734.01,1723.97,1724.2,26735
2021-03-15 01:00:00,1726.73,1732.62,1721.66,1730.66,36542
2021-03-15 02:00:00,1729.15,1734.54,1722.89,1732.11,71939
2021-03-16 00:00:00,1730.65,1735.18,1729.55,1734.35,19213
2021-03-16 01:00:00,1734.16,1737.17,1726.25,1733.85,31491
2021-03-16 02:00:00,1734.22,1741.21,1726.78,1731.85,76630
2021-03-17 00:00:00,1731.88,1737.61,1729.64,1735.89,21924
2021-03-17 01:00:00,1736.79,1738.01,1727.97,1728.04,29543
2021-03-17 02:00:00,1735.13,1751.63,1724.17,1744.54,88182
2021-03-18 00:00:00,1747.43,1755.46,1746.9,1750.51,28079
2021-03-18 01:00:00,1749.97,1752.91,1732.36,1732.73,44507
2021-03-18 02:00:00,1734.17,1737.26,1719.25,1736.49,91700
2021-03-19 00:00:00,1734.95,1736.65,1728.5,1731.56,28153
2021-03-19 01:00:00,1734.16,1745.42,1730.79,1738.99,37630
2021-03-19 02:00:00,1736.9,1746.72,1733.3,1745.14,75654
2021-03-22 00:00:00,1738.06,1743.09,1732.58,1740.46,26089
2021-03-22 01:00:00,1742.53,1742.58,1727.39,1737.37,41320
2021-03-22 02:00:00,1733.4,1741.09,1730.56,1738.68,64667
2021-03-23 00:00:00,1739.61,1740.49,1731.06,1735.67,22886
2021-03-23 01:00:00,1735.77,1742.6,1735.06,1739.41,34801
2021-03-23 02:00:00,1740.35,1741.96,1724.68,1726.89,72847
2021-03-24 00:00:00,1726.89,1734.45,1723.79,1732.08,24589
2021-03-24 01:00:00,1733.42,1735.9,1727.15,1730.33,32147
2021-03-24 02:00:00,1731.26,1738.47,1728.38,1733.83,57134
2021-03-25 00:00:00,1734.04,1739.2,1731.91,1737.2,21816
2021-03-25 01:00:00,1735.75,1737.8,1729.91,1731.94,26571
2021-03-25 02:00:00,1731.44,1745.43,1721.76,1726.98,86343
2021-03-26 00:00:00,1727.9,1729.82,1723.31,1726.81,21529
2021-03-26 01:00:00,1726.32,1732.0,1721.84,1721.89,30145
2021-03-26 02:00:00,1725.77,1736.65,1721.63,1732.7,57113
2021-03-29 00:00:00,1731.17,1732.84,1726.38,1729.5,18151
2021-03-29 01:00:00,1729.4,1729.78,1723.79,1726.3,26821
2021-03-29 02:00:00,1724.69,1728.19,1705.65,1710.83,66082
2021-03-30 00:00:00,1712.68,1714.36,1704.68,1706.91,19854
2021-03-30 01:00:00,1707.38,1708.5,1694.7,1696.3,36754
2021-03-30 02:00:00,1696.2,1696.7,1678.77,1683.15,81519
2021-03-31 00:00:00,1684.83,1686.39,1677.86,1679.23,26150
2021-03-31 01:00:00,1679.43,1688.81,1678.56,1687.17,30649
2021-03-31 02:00:00,1685.77,1712.690674996695,1682.29,1707.4,76666
2021-04-01 00:00:00,1707.4,1714.13,1705.76,1712.05,22174
2021-04-01 01:00:00,1712.78,1719.82,1710.13,1715.56,31442
2021-04-01 02:00:00,1714.81,1730.1,1710.44,1729.43,64609
2021-04-05 00:00:00,1728.66,1729.88,1723.73,1724.36,14269
2021-04-05 01:00:00,1724.93,1728.45,1721.25,1725.16,17400
2021-04-05 02:00:00,1725.7,1733.57,1721.85,1727.73,58250
2021-04-06 00:00:00,1728.71,1735.42,1727.16,1733.94,19236
2021-04-06 01:00:00,1733.44,1738.54,1727.8,1731.72,30630
2021-04-06 02:00:00,1731.98,1745.47,1731.03,1743.91,61894
2021-04-07 00:00:00,1743.28,1744.32,1735.86,1738.41,16971
2021-04-07 01:00:00,1738.19,1742.32,1736.21,1736.45,26257
2021-04-07 02:00:00,1737.77,1743.21,1730.57,1736.72,62124
2021-04-08 00:00:00,1737.56,1739.81,1733.14,1739.42,16625
2021-04-08 01:00:00,1738.64,1747.61,1738.64,1745.74,28418
2021-04-08 02:00:00,1743.26,1758.66,1743.25,1756.38,59428
2021-04-09 00:00:00,1755.65,1757.32,1751.41,1752.03,16061
2021-04-09 01:00:00,1753.23,1753.65,1743.46,1745.21,30504
2021-04-09 02:00:00,1745.85,1748.9,1731.26,1742.78,66585
2021-04-12 00:00:00,1742.71,1743.45,1736.73,1738.03,20917
2021-04-12 01:00:00,1738.69,1743.28,1735.21,1741.39,27424
2021-04-12 02:00:00,1741.47,1745.0,1727.48,1732.24,63900
2021-04-13 00:00:00,1733.23,1736.42,1728.02,1730.03,21696
2021-04-13 01:00:00,1731.75,1732.18,1723.7,1726.12,30100
2021-04-13 02:00:00,1726.4,1748.99,1724.6,1745.19,72832
2021-04-14 00:00:00,1745.66,1749.31,1743.45,1743.88,18100
2021-04-14 01:00:00,1743.9,1748.69,1740.78,1742.32,30436
2021-04-14 02:00:00,1743.27,1747.08,1732.58,1736.83,59968
2021-04-15 00:00:00,1736.26,1740.46,1734.35,1739.45,16879
2021-04-15 01:00:00,1738.44,1749.19,1737.85,1747.38,23847
2021-04-15 02:00:00,1747.32,1769.68,1744.57,1763.84,64089
2021-04-16 00:00:00,1763.97,1766.14,1759.72,1764.13,16054
2021-04-16 01:00:00,1763.25,1773.53,1761.51,1772.84,26407
2021-04-16 02:00:00,1771.04,1783.79,1770.26,1775.62,60969
2021-04-19 00:00:00,1775.67,1783.58,1773.18,1776.77,20659
2021-04-19 01:00:00,1777.34,1790.03,1775.33,1789.74,32620
2021-04-19 02:00:00,1788.52,1790.03,1766.76,1770.97,62156
2021-04-20 00:00:00,1770.9,1775.61,1765.62,1772.54,18498
2021-04-20 01:00:00,1773.31,1774.29,1763.53,1769.42,32466
2021-04-20 02:00:00,1770.12,1780.41,1766.03,1778.98,62723
2021-04-21 00:00:00,1778.16,1784.69,1776.24,1781.47,17870
2021-04-21 01:00:00,1782.02,1788.35,1777.72,1779.08,27870
2021-04-21 02:00:00,1779.25,1797.63,1777.72,1794.0,59286
2021-04-22 00:00:00,1793.95,1797.88,1790.33,1790.45,14516
2021-04-22 01:00:00,1793.45,1794.71,1785.64,1787.7,25129
2021-04-22 02:00:00,1787.3,1789.91,1777.45,1783.42,67081
2021-04-23 00:00:00,1784.16,1789.71,1782.91,1785.16,14882
2021-04-23 01:00:00,1786.03,1787.22,1781.7,1786.29,25663
2021-04-23 02:00:00,1786.36,1795.95,1770.01,1776.71,64474
2021-04-26 00:00:00,1775.48,1782.94,1773.89,1781.04,16363
2021-04-26 01:00:00,1781.11,1783.5,1774.94,1780.41,27950
2021-04-26 02:00:00,1781.07,1782.2,1768.84,1780.93,53823
2021-04-27 00:00:00,1781.27,1784.05,1773.76,1780.85,15094
2021-04-27 01:00:00,1779.78,1783.32,1776.07,1781.16,22614
2021-04-27 02:00:00,1781.42,1785.55,1775.45,1775.74,54617
2021-04-28 00:00:00,1776.99,1777.14,1766.43,1771.74,16691
2021-04-28 01:00:00,1771.93,1772.06,1763.48,1767.05,25127
2021-04-28 02:00:00,1766.23,1782.54,1762.62,1781.64,64409
2021-04-29 00:00:00,1781.96,1789.98,1781.1,1784.39,16644
2021-04-29 01:00:00,1784.62,1785.96,1772.14,1773.37,25992
2021-04-29 02:00:00,1774.84,1781.41,1756.19,1772.92,66320
2021-04-30 00:00:00,1772.61,1773.62,1765.42,1768.06,16978
2021-04-30 01:00:00,1766.29,1773.2,1766.2,1768.52,23249
2021-04-30 02:00:00,1767.4,1772.47,1764.24,1768.33,59294
2021-05-03 00:00:00,1766.81,1775.65,1766.04,1774.17,11611
2021-05-03 01:00:00,1774.81,1781.46,1772.29,1779.36,21324
2021-05-03 02:00:00,1777.67,1797.91,1776.97,1792.59,60143
2021-05-04 00:00:00,1792.58,1793.25,1788.43,1788.7,10819
2021-05-04 01:00:00,1789.69,1790.51,1781.51,1782.57,23789
2021-05-04 02:00:00,1782.99,1799.09,1771.01,1779.71,75348
2021-05-05 00:00:00,1778.34,1783.4,1776.82,1781.85,10838
2021-05-05 01:00:00,1782.71,1782.94,1774.26,1777.95,23072
2021-05-05 02:00:00,1778.43,1787.55,1770.49,1786.6,54972
2021-05-06 00:00:00,1786.8,1790.14,1782.0,1788.46,20396
2021-05-06 01:00:00,1789.79,1795.72,1787.85,1791.46,26789
2021-05-06 02:00:00,1793.47,1818.12,1788.29,1814.92,65162
2021-05-07 00:00:00,1814.64,1822.24,1812.85,1820.31,19636
2021-05-07 01:00:00,1820.59,1823.15,1817.28,1820.64,26010
2021-05-07 02:00:00,1820.26,1843.3,1817.01,1831.04,83195
2021-05-10 00:00:00,1833.04,1836.83,1829.97,1833.92,26653
2021-05-10 01:00:00,1832.61,1839.58,1831.9,1839.13,30167
2021-05-10 02:00:00,1836.46,1845.49,1834.0,1836.37,69622
2021-05-11 00:00:00,1836.07,1838.41,1831.32,1835.87,21001
2021-05-11 01:00:00,1834.79,1841.41,1832.67,1840.93,29374
2021-05-11 02:00:00,1838.4,1841.8,1818.09,1837.64,73303
2021-05-12 00:00:00,1836.83,1837.28,1825.97,1828.24,19733
2021-05-12 01:00:00,1827.03,1835.69,1826.81,1834.4,25338
2021-05-12 02:00:00,1835.18,1843.68,1813.32,1815.53,94206
2021-05-13 00:00:00,1814.87,1823.01,1813.24,1817.53,21723
2021-05-13 01:00:00,1817.47,1822.36,1808.77,1811.79,33235
2021-05-13 02:00:00,1811.37,1828.8,1808.77,1826.09,70560
2021-05-14 00:00:00,1827.12,1827.12,1819.77,1822.53,16911
2021-05-14 01:00:00,1822.43,1837.36,1822.12,1833.96,29092
2021-05-14 02:00:00,1833.5,1843.54,1832.95,1842.64,56517
2021-05-17 00:00:00,1843.52,1853.04,1843.52,1852.78,19432
2021-05-17 01:00:00,1851.31,1855.44,1848.48,1849.79,25496
2021-05-17 02:00:00,1850.03,1868.41,1844.02,1865.67,62927
2021-05-18 00:00:00,1866.69,1873.85,1865.34,1868.35,19047
2021-05-18 01:00:00,1868.18,1871.63,1866.82,1868.76,23900
2021-05-18 02:00:00,1867.87,1875.03,1863.2,1869.93,53994
2021-05-19 00:00:00,1869.12,1871.51,1864.56,1869.28,18065
2021-05-19 01:00:00,1868.57,1873.99,1854.88,1856.47,34620
2021-05-19 02:00:00,1858.9,1890.09,1852.23,1870.51,107257
2021-05-20 00:00:00,1870.06,1877.57,1863.86,1876.22,26878
2021-05-20 01:00:00,1875.74,1879.08,1865.26,1867.88,35869
2021-05-20 02:00:00,1867.76,1883.94,1865.26,1878.13,87282
2021-05-21 00:00:00,1877.79,1878.38,1870.4,1876.48,21312
2021-05-21 01:00:00,1874.51,1880.17,1872.76,1879.6,32106
2021-05-21 02:00:00,1878.23,1889.41,1870.1,1880.33,89490
2021-05-24 00:00:00,1881.41,1887.02,1879.81,1883.78,28483
2021-05-24 01:00:00,1883.51,1886.32,1875.17,1881.88,31230
2021-05-24 02:00:00,1881.27,1886.26,1877.93,1882.57,71116
2021-05-25 00:00:00,1880.78,1881.56,1872.71,1878.87,21609
2021-05-25 01:00:00,1879.27,1887.25,1873.28,1883.2,30227
2021-05-25 02:00:00,1883.58,1900.21,1879.9,1899.99,72164
2021-05-26 00:00:00,1898.77,1907.75,1897.05,1906.18,23387
2021-05-26 01:00:00,1905.37,1910.2,1900.53,1906.43,28909
2021-05-26 02:00:00,1907.08,1912.74,1890.77,1895.93,72826
2021-05-27 00:00:00,1896.45,1898.4,1892.21,1898.29,20536
2021-05-27 01:00:00,1896.6,1903.67,1894.17,1896.75,27072
2021-05-27 02:00:00,1896.59,1898.87,1888.28,1897.07,79573
2021-05-28 00:00:00,1897.4,1898.66,1892.99,1893.93,20852
2021-05-28 01:00:00,1893.76,1894.78,1887.95,1893.69,28787
2021-05-28 02:00:00,1892.6,1905.95,1882.27,1903.59,84241
2021-05-31 00:00:00,1903.74,1910.65,1902.7,1906.46,21763
2021-05-31 01:00:00,1908.44,1908.54,1903.14,1903.21,24576
2021-05-31 02:00:00,1904.65,1906.95,1902.14,1906.62,24835
2021-06-01 00:00:00,1907.26,1914.44,1906.19,1912.1,20445
2021-06-01 01:00:00,1911.51,1916.58,1905.13,1906.33,32038
2021-06-01 02:00:00,1905.61,1912.0,1892.37,1899.67,73802
2021-06-02 00:00:00,1899.65,1902.26,1896.14,1896.3,18017
2021-06-02 01:00:00,1897.92,1900.8,1895.15,1896.88,28804
2021-06-02 02:00:00,1897.25,1909.02,1894.37,1908.36,61424
2021-06-03 00:00:00,1908.45,1909.64,1904.07,1904.13,16562
2021-06-03 01:00:00,1905.05,1905.05,1890.7,1896.57,32993
2021-06-03 02:00:00,1893.12,1898.19,1868.1323437515339,1873.6529994955463,87116
2021-06-04 00:00:00,1871.33,1874.8448628049016,1855.5,1869.67,24856
2021-06-04 01:00:00,1870.06,1875.18,1865.63,1870.84,31126
2021-06-04 02:00:00,1871.08,1896.14,1868.72,1891.23,74769
2021-06-07 00:00:00,1890.19,1891.93,1884.98,1886.07,16881
2021-06-07 01:00:00,1887.31,1887.56,1881.57,1885.35,28601
2021-06-07 02:00:00,1884.32,1900.13,1884.04,1899.12,61762
2021-06-08 00:00:00,1899.1,1903.39,1895.2,1895.5,15715
2021-06-08 01:00:00,1896.05,1898.47,1889.7,1894.83,27344
2021-06-08 02:00:00,1892.48,1903.67,1883.84,1893.27,65354
2021-06-09 00:00:00,1891.72,1896.3,1891.4,1894.08,12904
2021-06-09 01:00:00,1894.5,1895.61,1887.33,1890.51,22827
2021-06-09 02:00:00,1890.08,1898.95,1887.91,1888.93,63011
2021-06-10 00:00:00,1888.89,1889.35,1884.26,1885.51,14914
2021-06-10 01:00:00,1887.37,1888.05,1876.5,1881.05,30719
2021-06-10 02:00:00,1880.84,1899.4,1869.84,1898.28,83093
2021-06-11 00:00:00,1898.15,1900.9,1894.6941573680701,1899.82,17517
2021-06-11 01:00:00,1899.0,1903.03,1889.22,1893.2,32417
2021-06-11 02:00:00,1892.62,1895.17,1874.44,1876.06,71242
2021-06-14 00:00:00,1876.07,1877.62,1860.39,1861.92,20549
2021-06-14 01:00:00,1865.48,1866.2,1854.8,1856.45,34973
2021-06-14 02:00:00,1858.34,1869.78,1844.77,1865.54,67307
2021-06-15 00:00:00,1867.53,1867.86,1858.65,1865.37,22714
2021-06-15 01:00:00,1863.51,1869.16,1862.21,1865.43,22202
2021-06-15 02:00:00,1863.85,1868.11,1851.65,1858.79,51939
2021-06-16 00:00:00,1859.13,1860.77,1853.19,1859.32,16553
2021-06-16 01:00:00,1857.95,1861.57,1857.03,1858.32,22783
2021-06-16 02:00:00,1860.47,1862.91,1827.5785499704148,1827.8781412210142,71827
2021-06-17 00:00:00,1818.1911241786665,1829.0640100023106,1809.8,1821.75,35035
2021-06-17 01:00:00,1822.28,1822.28,1800.52,1800.83,44231
2021-06-17 02:00:00,1806.04,1806.44,1770.8914683997632,1775.564545129768,109818
2021-06-18 00:00:00,1778.8720489934294,1787.07,1773.81,1785.21,24900
2021-06-18 01:00:00,1785.77,1797.14,1782.06,1791.62,40792
2021-06-18 02:00:00,1794.38,1794.94,1760.91,1765.861476361038,73776
2021-06-21 00:00:00,1768.64,1776.8,1767.27,1774.39,31277
2021-06-21 01:00:00,1774.51,1785.82,1766.4,1782.28,47770
2021-06-21 02:00:00,1783.93,1786.61,1773.42,1783.11,68032
2021-06-22 00:00:00,1784.05,1790.09,1782.83,1788.33,20818
2021-06-22 01:00:00,1788.92,1789.11,1776.45,1782.92,34284
2021-06-22 02:00:00,1779.9,1787.45,1772.44,1777.69,74048
2021-06-23 00:00:00,1779.76,1783.88,1777.28,1781.86,14343
2021-06-23 01:00:00,1781.74,1785.54,1777.59,1783.21,28155
2021-06-23 02:00:00,1782.47,1794.95,1773.33,1777.38,64317
2021-06-24 00:00:00,1778.61,1780.15,1774.22,1774.99,19393
2021-06-24 01:00:00,1775.99,1782.82,1772.85,1782.45,29273
2021-06-24 02:00:00,1781.49,1787.97,1773.59,1775.34,63929
2021-06-25 00:00:00,1776.26,1779.66,1773.7,1777.4,15028
2021-06-25 01:00:00,1777.84,1784.87,1775.95,1781.69,23058
2021-06-25 02:00:00,1782.56,1790.34,1776.31,1780.46,58962
2021-06-28 00:00:00,1781.24,1782.88,1770.67,1779.9,21085
2021-06-28 01:00:00,1779.15,1785.74,1774.14,1778.34,28317
2021-06-28 02:00:00,1776.06,1782.93,1773.44,1779.18,40305
2021-06-29 00:00:00,1778.6,1778.89,1773.94,1773.96,9715
2021-06-29 01:00:00,1775.17,1778.96,1767.46,1771.47,20429
2021-06-29 02:00:00,1771.96,1775.87,1750.69,1761.63,53341
2021-06-30 00:00:00,1762.09,1764.64,1759.03,1760.92,10291
2021-06-30 01:00:00,1761.09,1762.58,1753.33,1757.65,22100
2021-06-30 02:00:00,1757.0,1774.39,1754.86,1769.79,49255
2021-07-01 00:00:00,1770.03,1776.64,1765.64,1775.23,10543
2021-07-01 01:00:00,1776.04,1779.02,1773.04,1775.43,20947
2021-07-01 02:00:00,1775.62,1782.78,1768.27,1776.4,44978
2021-07-02 00:00:00,1776.28,1779.76,1775.01,1778.1,10427
2021-07-02 01:00:00,1778.84,1784.22,1774.33,1783.63,19394
2021-07-02 02:00:00,1781.84,1795.04,1775.84,1787.99,51032
2021-07-05 00:00:00,1787.11,1789.86,1784.47,1787.07,11706
2021-07-05 01:00:00,1785.5,1794.34,1784.69,1791.35,16528
2021-07-05 02:00:00,1791.38,1793.23,1789.17,1791.73,14132
2021-07-06 00:00:00,1791.27,1799.82,1790.85,1798.28,11904
2021-07-06 01:00:00,1797.34,1809.25,1797.34,1807.68,22310
2021-07-06 02:00:00,1807.55,1814.97,1790.11,1796.99,55848
2021-07-07 00:00:00,1796.31,1802.92,1793.85,1799.98,14684
2021-07-07 01:00:00,1801.07,1808.26,1797.38,1807.51,20325
2021-07-07 02:00:00,1806.5,1809.72,1797.02,1803.49,50033
2021-07-08 00:00:00,1803.68,1805.49,1796.38,1796.99,15304
2021-07-08 01:00:00,1797.47,1815.12,1796.31,1808.93,30768
2021-07-08 02:00:00,1812.9,1818.33,1793.83,1802.49,61785
2021-07-09 00:00:00,1802.94,1807.77,1799.25,1803.57,15429
2021-07-09 01:00:00,1805.26,1806.0,1796.38,1804.24,28105
2021-07-09 02:00:00,1804.48,1812.33,1798.22,1808.28,35902
2021-07-12 00:00:00,1807.97,1810.82,1801.9,1803.36,12215
2021-07-12 01:00:00,1802.91,1806.21,1798.6,1799.63,20164
2021-07-12 02:00:00,1801.9,1807.57,1791.65,1805.94,36637
2021-07-13 00:00:00,1806.26,1812.7,1806.02,1809.74,9025
2021-07-13 01:00:00,1809.37,1812.31,1805.88,1809.41,16777
2021-07-13 02:00:00,1808.31,1817.14,1798.6,1807.59,53295
2021-07-14 00:00:00,1807.95,1813.91,1804.55,1813.67,11585
2021-07-14 01:00:00,1812.6,1815.87,1809.81,1814.85,19538
2021-07-14 02:00:00,1814.06,1829.73,1813.26,1827.5,51159
2021-07-15 00:00:00,1827.44,1829.09,1823.62,1825.63,12162
2021-07-15 01:00:00,1825.48,1834.07,1823.9,1823.99,21510
2021-07-15 02:00:00,1831.95,1832.22,1820.22,1829.32,45765
2021-07-16 00:00:00,1829.87,1832.0,1825.65,1826.84,12285
2021-07-16 01:00:00,1827.45,1827.88,1820.93,1823.15,19049
2021-07-16 02:00:00,1823.92,1826.68,1808.96,1811.31,61193
2021-07-19 00:00:00,1811.29,1817.27,1810.37,1813.89,20487
2021-07-19 01:00:00,1813.04,1815.31,1801.81,1803.04,31137
2021-07-19 02:00:00,1802.9,1815.46,1794.98,1811.61,69127
2021-07-20 00:00:00,1812.65,1819.13,1810.76,1816.67,18420
2021-07-20 01:00:00,1817.31,1819.0,1811.66,1816.44,26470
2021-07-20 02:00:00,1816.12,1824.92,1805.1,1810.37,62052
2021-07-21 00:00:00,1810.4,1810.97,1805.14,1808.63,15531
2021-07-21 01:00:00,1808.58,1813.74,1802.66,1803.78,27928
2021-07-21 02:00:00,1804.89,1806.02,1794.68,1803.63,52771
2021-07-22 00:00:00,1803.83,1803.88,1797.29,1798.79,13165
2021-07-22 01:00:00,1798.52,1803.39,1792.74,1796.69,24392
2021-07-22 02:00:00,1796.56,1808.04,1794.07,1806.69,57324
2021-07-23 00:00:00,1806.98,1808.55,1802.26,1803.07,13089
2021-07-23 01:00:00,1803.09,1810.3,1797.1,1797.27,24073
2021-07-23 02:00:00,1802.41,1804.92,1789.63,1801.74,49808
2021-07-26 00:00:00,1802.26,1807.29,1798.41,1806.06,17213
2021-07-26 01:00:00,1806.66,1811.46,1804.52,1808.33,26630
2021-07-26 02:00:00,1808.28,1809.9,1796.38,1797.83,48781
2021-07-27 00:00:00,1797.99,1799.86,1794.63,1798.94,14292
2021-07-27 01:00:00,1799.29,1801.15,1793.6,1797.26,24682
2021-07-27 02:00:00,1797.07,1805.22,1794.6,1799.89,50722
2021-07-28 00:00:00,1800.52,1807.35,1797.99,1805.88,16799
2021-07-28 01:00:00,1806.24,1807.01,1798.1,1800.3,21445
2021-07-28 02:00:00,1799.32,1809.82,1792.36,1806.84,55238
2021-07-29 00:00:00,1807.34,1817.5,1807.22,1814.75,18599
2021-07-29 01:00:00,1814.98,1823.67,1814.51,1822.58,25412
2021-07-29 02:00:00,1821.55,1832.62,1821.47,1827.94,47737
2021-07-30 00:00:00,1828.79,1831.15,1826.73,1827.56,16182
2021-07-30 01:00:00,1828.49,1831.34,1825.85,1827.9,19629
2021-07-30 02:00:00,1828.33,1829.79,1810.2,1813.73,47144
2021-08-02 00:00:00,1814.6,1816.88,1808.49,1811.0,18875
2021-08-02 01:00:00,1812.08,1813.32,1806.31,1808.26,22592
2021-08-02 02:00:00,1810.21,1819.51,1805.78,1813.25,48553
2021-08-03 00:00:00,1813.49,1813.89,1809.41,1811.52,13788
2021-08-03 01:00:00,1810.8,1812.47,1808.26,1811.35,19269
2021-08-03 02:00:00,1810.34,1814.99,1807.12,1810.55,39649
2021-08-04 00:00:00,1810.26,1814.78,1808.95,1812.31,11712
2021-08-04 01:00:00,1813.11,1815.12,1810.76,1813.81,16261
2021-08-04 02:00:00,1814.9,1831.65,1806.4,1812.1,54621
2021-08-05 00:00:00,1812.03,1812.5,1808.99,1811.1,11775
2021-08-05 01:00:00,1811.0,1814.59,1808.39,1812.49,18913
2021-08-05 02:00:00,1810.47,1814.81,1797.83,1804.32,47755
2021-08-06 00:00:00,1804.65,1804.72,1799.28,1799.71,10911
2021-08-06 01:00:00,1801.06,1802.1,1797.08,1797.68,17594
2021-08-06 02:00:00,1798.77,1801.36,1762.5396863019043,1765.3183942179553,63235
2021-08-09 00:00:00,1764.9139491204112,1766.212351224312,1691.5229372603808,1740.963678843591,34717
2021-08-09 01:00:00,1741.1377898240821,1752.56,1733.6535874520764,1740.56,29031
2021-08-09 02:00:00,1743.64,1748.72,1723.77,1729.36,62514
2021-08-10 00:00:00,1728.91,1737.63,1728.77,1737.21,16431
2021-08-10 01:00:00,1737.32,1738.27,1727.48,1727.95,24594
2021-08-10 02:00:00,1729.71,1733.72,1717.71,1728.84,50049
2021-08-11 00:00:00,1729.71,1735.14,1724.08,1734.47,15226
2021-08-11 01:00:00,1733.87,1736.14,1729.01,1735.97,20920
2021-08-11 02:00:00,1733.22,1754.37,1733.12,1751.99,57254
2021-08-12 00:00:00,1751.32,1753.58,1748.9,1752.01,13195
2021-08-12 01:00:00,1750.64,1758.15,1750.52,1752.27,20437
2021-08-12 02:00:00,1753.77,1753.94,1741.58,1753.06,46174
2021-08-13 00:00:00,1753.17,1756.74,1751.69,1755.16,11830
2021-08-13 01:00:00,1755.2,1760.98,1754.45,1759.91,18701
2021-08-13 02:00:00,1758.41,1779.27,1756.92,1777.95,44045
2021-08-16 00:00:00,1779.08,1782.58,1775.5,1776.15,17606
2021-08-16 01:00:00,1776.79,1777.59,1771.84,1775.73,22563
2021-08-16 02:00:00,1776.13,1789.28,1770.8,1786.62,46147
2021-08-17 00:00:00,1787.22,1788.63,1784.37,1786.19,14239
2021-08-17 01:00:00,1785.94,1795.4,1785.42,1794.28,22472
2021-08-17 02:00:00,1793.88,1795.46,1780.53,1785.06,48893
2021-08-18 00:00:00,1786.3,1792.27,1785.06,1789.8,14197
2021-08-18 01:00:00,1790.24,1793.75,1786.34,1787.98,18963
2021-08-18 02:00:00,1788.09,1791.17,1777.32,1787.06,52658
2021-08-19 00:00:00,1787.37,1788.87,1774.41,1777.93,18382
2021-08-19 01:00:00,1779.96,1789.76,1775.64,1788.47,28845
2021-08-19 02:00:00,1789.06,1792.44,1776.35,1780.73,50597
2021-08-20 00:00:00,1780.14,1786.54,1778.71,1786.28,14431
2021-08-20 01:00:00,1785.2,1788.37,1779.8,1783.1,20695
2021-08-20 02:00:00,1781.78,1786.68,1778.33,1781.7,41174
2021-08-23 00:00:00,1781.52,1788.63,1776.44,1787.2,19199
2021-08-23 01:00:00,1786.92,1788.95,1784.27,1788.74,20037
2021-08-23 02:00:00,1788.11,1806.42,1787.72,1804.44,43574
2021-08-24 00:00:00,1805.41,1805.89,1800.73,1800.81,11088
2021-08-24 01:00:00,1801.12,1805.07,1800.7,1803.8,19135
2021-08-24 02:00:00,1802.91,1809.51,1801.48,1803.9,39802
2021-08-25 00:00:00,1802.42,1802.78,1793.52,1794.35,14240
2021-08-25 01:00:00,1794.83,1797.51,1791.79,1794.44,17106
2021-08-25 02:00:00,1794.27,1797.74,1782.57,1790.32,41487
2021-08-26 00:00:00,1791.03,1792.0,1787.02,1787.48,8175
2021-08-26 01:00:00,1787.86,1788.36,1783.39,1787.21,15979
2021-08-26 02:00:00,1785.68,1798.12,1780.07,1791.65,44008
2021-08-27 00:00:00,1792.42,1799.25,1792.37,1798.84,8145
2021-08-27 01:00:00,1798.03,1805.08,1794.97,1795.41,14517
2021-08-27 02:00:00,1796.89,1819.09,1784.01,1818.2,51949
2021-08-30 00:00:00,1818.18,1823.24,1810.606591518373,1815.6,12231
2021-08-30 01:00:00,1814.91,1818.2,1812.79,1816.4,12579
2021-08-30 02:00:00,1815.95,1817.79,1807.76,1810.26,27203
2021-08-31 00:00:00,1810.0,1816.02,1809.68,1814.72,7578
2021-08-31 01:00:00,1815.83,1819.15,1813.74,1816.8,14220
2021-08-31 02:00:00,1814.36,1817.0,1801.71,1814.63,49067
2021-09-01 00:00:00,1814.47,1815.94,1810.27,1814.41,10361
2021-09-01 01:00:00,1815.25,1817.05,1809.41,1813.13,17953
2021-09-01 02:00:00,1813.07,1820.03,1808.72,1814.04,39330
2021-09-02 00:00:00,1813.97,1816.03,1811.09,1811.59,6963
2021-09-02 01:00:00,1811.19,1817.15,1810.7,1815.7,9927
2021-09-02 02:00:00,1816.79,1817.15,1804.86,1809.72,32002
2021-09-03 00:00:00,1809.49,1814.78,1808.94,1811.67,7305
2021-09-03 01:00:00,1812.51,1814.4,1810.56,1813.43,10163
2021-09-03 02:00:00,1813.51,1833.95,1812.79,1828.11,47973
2021-09-06 00:00:00,1828.29,1830.24,1825.19,1826.22,9298
2021-09-06 01:00:00,1825.77,1828.28,1823.04,1823.12,11712
2021-09-06 02:00:00,1824.67,1824.94,1821.42,1823.14,10321
2021-09-07 00:00:00,1823.53,1827.22,1821.86,1821.96,7338
2021-09-07 01:00:00,1823.19,1823.38,1809.71,1811.59,19017
2021-09-07 02:00:00,1810.63,1814.99,1792.04,1794.07,40603
2021-09-08 00:00:00,1795.12,1801.0,1794.67,1797.51,8417
2021-09-08 01:00:00,1798.13,1801.21,1794.32,1797.46,17050
2021-09-08 02:00:00,1796.96,1802.11,1782.43,1790.08,45061
2021-09-09 00:00:00,1789.54,1790.88,1787.13,1788.1,7352
2021-09-09 01:00:00,1788.27,1795.67,1786.6,1795.48,15675
2021-09-09 02:00:00,1794.7,1800.9,1783.86,1794.36,47086
2021-09-10 00:00:00,1793.87,1799.83,1792.54,1797.93,12702
2021-09-10 01:00:00,1798.09,1803.77,1794.59,1795.67,14806
2021-09-10 02:00:00,1797.44,1800.27,1787.24,1788.21,38180
2021-09-13 00:00:00,1787.35,1792.51,1783.64,1791.88,9657
2021-09-13 01:00:00,1792.25,1793.56,1786.92,1788.35,13881
2021-09-13 02:00:00,1790.03,1798.43,1785.15,1793.26,30584
2021-09-14 00:00:00,1793.38,1793.58,1789.65,1791.82,8261
2021-09-14 01:00:00,1791.02,1794.94,1786.3,1787.68,14391
2021-09-14 02:00:00,1787.94,1808.58,1779.6,1804.92,46706
2021-09-15 00:00:00,1803.86,1804.67,1801.39,1803.59,9544
2021-09-15 01:00:00,1803.47,1804.29,1798.92,1801.9,19207
2021-09-15 02:00:00,1801.92,1806.94,1790.75,1793.45,44854
2021-09-16 00:00:00,1794.12,1796.2,1789.76,1790.89,10055
2021-09-16 01:00:00,1791.48,1792.36,1775.47,1779.11,24450
2021-09-16 02:00:00,1777.89,1780.41,1748.5590400031192,1756.0078080722606,60218
2021-09-17 00:00:00,1756.2907629838535,1759.48,1752.51,1759.37,14632
2021-09-17 01:00:00,1758.13,1767.47,1757.92,1764.73,24351
2021-09-17 02:00:00,1766.13,1767.09,1747.38,1752.62,57233
2021-09-20 00:00:00,1754.22,1755.13,1742.07,1747.78,16057
2021-09-20 01:00:00,1746.38,1760.16,1745.09,1759.93,25503
2021-09-20 02:00:00,1758.91,1767.05,1754.17,1765.39,58064
2021-09-21 00:00:00,1764.46,1766.1,1761.46,1761.8,11133
2021-09-21 01:00:00,1761.94,1768.22,1757.97,1766.61,20177
2021-09-21 02:00:00,1766.49,1781.69,1765.44,1774.22,47889
2021-09-22 00:00:00,1774.86,1779.2,1772.34,1776.57,17186
2021-09-22 01:00:00,1777.7,1780.35,1773.77,1775.71,19542
2021-09-22 02:00:00,1776.39,1787.21,1764.72,1767.92,59934
2021-09-23 00:00:00,1768.62,1769.4,1760.84,1764.51,16024
2021-09-23 01:00:00,1764.21,1776.56,1760.28,1772.12,24500
2021-09-23 02:00:00,1770.91,1776.56,1737.43,1744.7716800686972,55481
2021-09-24 00:00:00,1747.1569155809466,1752.89,1743.77,1752.39,13880
2021-09-24 01:00:00,1752.29,1756.78,1750.26,1755.7,22215
2021-09-24 02:00:00,1754.32,1757.71,1740.49,1748.27,39196
2021-09-27 00:00:00,1749.81,1760.82,1748.26,1759.28,15311
2021-09-27 01:00:00,1759.27,1760.75,1744.84,1748.93,25718
2021-09-27 02:00:00,1748.47,1757.9,1744.84,1750.6,52265
2021-09-28 00:00:00,1750.67,1754.49,1747.17,1750.01,12397
2021-09-28 01:00:00,1749.82,1751.89,1735.94,1739.45,29912
2021-09-28 02:00:00,1738.28,1741.22,1728.1,1733.37,69046
2021-09-29 00:00:00,1734.2,1741.4,1733.32,1739.08,14576
2021-09-29 01:00:00,1740.56,1745.31,1736.73,1744.8,27831
2021-09-29 02:00:00,1742.74,1745.48,1721.65,1725.88,58996
2021-09-30 00:00:00,1726.64,1734.85,1726.62,1731.56,12223
2021-09-30 01:00:00,1732.89,1734.05,1726.23,1726.58,23732
2021-09-30 02:00:00,1729.37,1761.1708252689132,1722.24,1754.219970660466,67823
2021-10-01 00:00:00,1753.232768761016,1756.91,1747.8796670672941,1751.76,12877
2021-10-01 01:00:00,1754.04,1757.24,1750.99,1754.75,25520
2021-10-01 02:00:00,1754.99,1764.28,1749.77,1759.81,57446
2021-10-04 00:00:00,1760.79,1765.71,1757.83,1760.07,13102
2021-10-04 01:00:00,1758.78,1762.7,1748.71,1750.58,24284
2021-10-04 02:00:00,1750.84,1770.5,1747.79,1768.04,59088
2021-10-05 00:00:00,1768.61,1769.33,1757.77,1758.28,9632
2021-10-05 01:00:00,1760.01,1761.02,1755.25,1755.97,24339
2021-10-05 02:00:00,1757.9,1762.96,1748.66,1759.69,52033
2021-10-06 00:00:00,1760.02,1760.2,1751.73,1751.73,10001
2021-10-06 01:00:00,1755.64,1755.69,1745.95,1750.13,30082
2021-10-06 02:00:00,1748.59,1765.03,1748.03,1763.61,56834
2021-10-07 00:00:00,1762.95,1764.18,1757.78,1759.82,10833
2021-10-07 01:00:00,1760.14,1766.91,1756.05,1761.84,22596
2021-10-07 02:00:00,1759.94,1764.75,1751.97,1755.39,44551
2021-10-08 00:00:00,1755.94,1760.49,1753.45,1758.52,13315
2021-10-08 01:00:00,1759.38,1760.32,1754.4,1759.64,20313
2021-10-08 02:00:00,1759.32,1781.27,1755.55,1757.03,63036
2021-10-11 00:00:00,1756.97,1760.97,1751.1,1756.62,16466
2021-10-11 01:00:00,1755.52,1757.8,1752.3,1756.02,20852
2021-10-11 02:00:00,1754.75,1760.15,1750.18,1754.11,39863
2021-10-12 00:00:00,1753.79,1759.05,1750.8,1756.83,12078
2021-10-12 01:00:00,1758.34,1762.61,1756.48,1759.33,22425
2021-10-12 02:00:00,1760.07,1769.31,1754.01,1760.51,52608
2021-10-13 00:00:00,1760.7,1763.29,1759.54,1763.14,11966
2021-10-13 01:00:00,1762.03,1771.03,1760.76,1770.59,21909
2021-10-13 02:00:00,1767.75,1793.5013787528728,1757.91,1793.13,70213
2021-10-14 00:00:00,1790.381361216348,1793.81,1783.913908092242,1788.71,12744
2021-10-14 01:00:00,1788.61,1800.11,1788.32,1797.89,22145
2021-10-14 02:00:00,1796.99,1800.57,1793.82,1796.47,46661
2021-10-15 00:00:00,1796.02,1796.47,1793.83,1795.25,9664
2021-10-15 01:00:00,1795.2,1795.37,1780.87,1782.3,23476
2021-10-15 02:00:00,1783.75,1783.81,1764.93,1767.04,59619
2021-10-18 00:00:00,1767.18,1772.04,1764.93,1768.39,15196
2021-10-18 01:00:00,1767.74,1769.54,1760.31,1761.61,31145
2021-10-18 02:00:00,1762.41,1771.21,1760.31,1764.37,57278
2021-10-19 00:00:00,1764.93,1775.62,1763.0,1775.04,13046
2021-10-19 01:00:00,1774.8,1782.89,1773.76,1779.27,25006
2021-10-19 02:00:00,1779.49,1785.11,1767.2,1769.89,59231
2021-10-20 00:00:00,1769.43,1774.66,1766.9,1773.92,14423
2021-10-20 01:00:00,1774.15,1779.77,1773.37,1779.24,24570
2021-10-20 02:00:00,1778.98,1788.44,1774.92,1781.7,57003
2021-10-21 00:00:00,1782.65,1789.44,1781.23,1785.62,13563
2021-10-21 01:00:00,1786.45,1787.88,1780.87,1785.84,27393
2021-10-21 02:00:00,1787.63,1787.63,1776.53,1783.06,59484
2021-10-22 00:00:00,1783.37,1788.07,1782.89,1786.95,13864
2021-10-22 01:00:00,1787.03,1794.72,1786.04,1793.42,26544
2021-10-22 02:00:00,1793.09,1813.79,1782.95,1793.7,71137
2021-10-25 00:00:00,1792.93,1799.38,1792.25,1798.51,19941
2021-10-25 01:00:00,1798.5,1803.7,1796.11,1799.28,28748
2021-10-25 02:00:00,1799.44,1809.99,1798.56,1806.89,48982
2021-10-26 00:00:00,1807.45,1808.39,1801.98,1802.2,13257
2021-10-26 01:00:00,1803.27,1806.57,1799.93,1802.05,24460
2021-10-26 02:00:00,1803.02,1804.64,1782.45,1793.95,53675
2021-10-27 00:00:00,1793.08,1794.4,1787.16,1789.63,13697
2021-10-27 01:00:00,1789.14,1791.69,1783.54,1786.47,26202
2021-10-27 02:00:00,1786.9,1799.05,1784.82,1796.73,60150
2021-10-28 00:00:00,1796.75,1803.22,1794.14,1800.59,16890
2021-10-28 01:00:00,1798.82,1804.2,1795.75,1797.37,26405
2021-10-28 02:00:00,1797.75,1810.38,1792.25,1798.6,69949
2021-10-29 00:00:00,1799.49,1801.2,1794.71,1794.81,17482
2021-10-29 01:00:00,1797.03,1799.17,1791.01,1795.81,29177
2021-10-29 02:00:00,1798.25,1798.41,1771.98,1782.73,74767
2021-11-01 00:00:00,1780.79,1787.35,1779.12,1784.12,13779
2021-11-01 01:00:00,1783.62,1788.15,1781.02,1783.34,24539
2021-11-01 02:00:00,1786.58,1795.79,1782.6,1793.2,51959
2021-11-02 00:00:00,1791.84,1794.43,1789.24,1793.53,13458
2021-11-02 01:00:00,1794.06,1796.4,1790.44,1792.28,25468
2021-11-02 02:00:00,1792.47,1794.5,1786.41,1787.84,43887
2021-11-03 00:00:00,1787.0,1787.62,1779.3,1781.72,10837
2021-11-03 01:00:00,1780.97,1785.0,1778.27,1784.98,19121
2021-11-03 02:00:00,1783.07,1785.65,1758.07,1769.89,67434
2021-11-04 00:00:00,1773.77,1778.2,1773.47,1774.96,13245
2021-11-04 01:00:00,1774.66,1780.34,1770.86,1778.79,23972
2021-11-04 02:00:00,1778.74,1798.9,1778.19,1791.71,53572
2021-11-05 00:00:00,1791.31,1796.93,1790.07,1794.64,14513
2021-11-05 01:00:00,1795.64,1800.14,1791.81,1792.83,23129
2021-11-05 02:00:00,1794.21,1818.27,1785.1,1817.84,63402
2021-11-08 00:00:00,1815.69,1821.06,1810.299574679631,1819.81,17109
2021-11-08 01:00:00,1820.01,1821.48,1812.46,1815.39,22599
2021-11-08 02:00:00,1817.22,1826.44,1815.02,1824.61,49092
2021-11-09 00:00:00,1824.28,1827.2,1821.9,1823.74,15478
2021-11-09 01:00:00,1823.56,1827.09,1819.23,1825.94,21998
2021-11-09 02:00:00,1825.13,1832.7,1820.35,1831.61,52051
2021-11-10 00:00:00,1831.6,1832.44,1825.9,1826.96,14115
2021-11-10 01:00:00,1826.47,1827.22,1822.78,1824.02,20196
2021-11-10 02:00:00,1824.69,1864.517911319413,1822.32,1848.2394847116611,71899
2021-11-11 00:00:00,1848.98,1853.81,1842.88,1850.3,17053
2021-11-11 01:00:00,1849.26,1864.38,1848.94,1862.16,21455
2021-11-11 02:00:00,1862.87,1866.0,1854.91,1862.05,36836
2021-11-12 00:00:00,1861.75,1862.56,1855.13,1856.57,14575
2021-11-12 01:00:00,1857.2,1860.06,1845.2,1848.44,24911
2021-11-12 02:00:00,1846.32,1868.61,1845.2,1864.22,49625
2021-11-15 00:00:00,1866.79,1867.84,1856.46,1857.58,18057
2021-11-15 01:00:00,1859.07,1864.84,1856.38,1863.11,20352
2021-11-15 02:00:00,1863.17,1870.3,1858.21,1862.89,42312
2021-11-16 00:00:00,1863.07,1868.93,1861.85,1866.52,15641
2021-11-16 01:00:00,1865.73,1874.85,1862.31,1873.64,22137
2021-11-16 02:00:00,1874.16,1877.23,1849.67,1849.9,60426
2021-11-17 00:00:00,1850.24,1856.1,1849.53,1853.16,19018
2021-11-17 01:00:00,1854.23,1861.46,1852.01,1861.13,21276
2021-11-17 02:00:00,1859.7,1868.03,1859.36,1866.67,45357
2021-11-18 00:00:00,1866.24,1870.94,1864.17,1864.94,15792
2021-11-18 01:00:00,1866.05,1869.74,1858.78,1863.2,22305
2021-11-18 02:00:00,1861.29,1866.98,1855.03,1859.56,47746
2021-11-19 00:00:00,1859.19,1863.72,1858.03,1862.9,13087
2021-11-19 01:00:00,1862.55,1864.8,1851.55,1859.5,27225
2021-11-19 02:00:00,1859.71,1865.72,1843.0,1846.62,60732
2021-11-22 00:00:00,1842.19,1849.15,1841.54,1848.4,14833
2021-11-22 01:00:00,1847.37,1848.7,1837.32,1838.7,24971
2021-11-22 02:00:00,1839.57,1843.45,1805.8820500714842,1808.8286467232213,73409
2021-11-23 00:00:00,1811.3066620714694,1815.669898725118,1806.56,1808.36,16411
2021-11-23 01:00:00,1807.79,1809.83,1792.74,1795.45,31287
2021-11-23 02:00:00,1796.79,1797.49,1782.0,1790.35,62378
2021-11-24 00:00:00,1789.1,1796.12,1788.47,1794.4,16849
2021-11-24 01:00:00,1793.67,1796.34,1785.6,1789.43,25238
2021-11-24 02:00:00,1789.3,1791.44,1778.54,1789.08,61385
2021-11-25 00:00:00,1787.93,1794.29,1786.01,1792.36,14505
2021-11-25 01:00:00,1791.92,1795.04,1789.87,1790.31,14692
2021-11-25 02:00:00,1791.16,1792.83,1787.85,1788.42,16533
2021-11-26 00:00:00,1790.47,1799.15,1790.0,1796.44,20836
2021-11-26 01:00:00,1797.02,1814.23,1795.23,1813.82,37490
2021-11-26 02:00:00,1809.65,1815.55,1780.4,1790.86,49130
2021-11-29 00:00:00,1788.53,1796.56,1777.64,1794.77,18558
2021-11-29 01:00:00,1792.81,1799.39,1791.94,1794.79,23987
2021-11-29 02:00:00,1796.37,1796.37,1781.14,1783.26,42633
2021-11-30 00:00:00,1785.12,1791.49,1783.0,1791.42,14088
2021-11-30 01:00:00,1788.55,1798.5,1787.93,1794.12,31905
2021-11-30 02:00:00,1796.07,1808.74,1769.82,1772.76,74766
2021-12-01 00:00:00,1775.91,1782.9965723226746,1772.17,1780.0,16797
2021-12-01 01:00:00,1779.47,1794.41,1776.71,1786.43,30300
2021-12-01 02:00:00,1786.25,1792.23,1777.39,1781.68,65351
2021-12-02 00:00:00,1781.48,1783.38,1776.31,1777.57,19379
2021-12-02 01:00:00,1776.7,1778.98,1767.45,1776.72,28715
2021-12-02 02:00:00,1776.09,1781.3,1761.97,1768.44,69739
2021-12-03 00:00:00,1769.67,1774.44,1767.49,1773.66,17552
2021-12-03 01:00:00,1772.31,1776.5,1766.15,1772.31,23184
2021-12-03 02:00:00,1770.34,1786.12,1766.3,1784.45,74865
2021-12-06 00:00:00,1782.0,1787.71,1780.65,1782.09,17007
2021-12-06 01:00:00,1781.9,1786.17,1777.79,1781.79,26045
2021-12-06 02:00:00,1782.29,1784.99,1775.74,1778.7,53492
2021-12-07 00:00:00,1778.93,1782.01,1776.99,1778.36,13993
2021-12-07 01:00:00,1777.77,1784.57,1777.07,1781.97,21901
2021-12-07 02:00:00,1780.56,1787.68,1772.35,1784.34,48500
2021-12-08 00:00:00,1784.6,1790.6,1783.54,1788.98,13426
2021-12-08 01:00:00,1789.42,1793.15,1785.87,1789.72,22785
2021-12-08 02:00:00,1791.99,1792.55,1779.64,1782.88,52602
2021-12-09 00:00:00,1783.08,1786.86,1782.28,1786.11,13674
2021-12-09 01:00:00,1785.89,1787.64,1781.28,1782.55,20914
2021-12-09 02:00:00,1782.96,1784.01,1773.27,1775.18,51158
2021-12-10 00:00:00,1775.99,1779.68,1775.59,1777.4,12540
2021-12-10 01:00:00,1778.0,1778.56,1770.1,1771.37,20299
2021-12-10 02:00:00,1771.23,1789.41,1770.55,1782.58,51125
2021-12-13 00:00:00,1782.77,1788.28,1782.51,1786.35,12906
2021-12-13 01:00:00,1786.32,1788.14,1783.36,1787.81,20064
2021-12-13 02:00:00,1786.98,1791.57,1781.83,1786.73,44461
2021-12-14 00:00:00,1785.95,1789.53,1785.11,1786.59,12979
2021-12-14 01:00:00,1786.02,1788.5,1782.08,1784.67,19296
2021-12-14 02:00:00,1784.88,1785.61,1766.43,1771.17,52236
2021-12-15 00:00:00,1771.44,1773.9,1768.81,1769.59,12635
2021-12-15 01:00:00,1770.74,1771.44,1766.84,1768.48,18983
2021-12-15 02:00:00,1768.32,1780.85,1752.34,1777.6,67356
2021-12-16 00:00:00,1778.34,1784.3,1775.54,1781.39,18068
2021-12-16 01:00:00,1781.89,1788.39,1781.01,1787.55,21898
2021-12-16 02:00:00,1786.63,1799.55,1782.21,1798.47,61151
2021-12-17 00:00:00,1798.39,1804.38,1797.27,1803.42,16823
2021-12-17 01:00:00,1802.67,1809.89,1802.12,1808.35,23042
2021-12-17 02:00:00,1807.92,1814.28,1795.94,1798.28,53791
2021-12-20 00:00:00,1800.31,1802.9,1799.02,1802.42,18274
2021-12-20 01:00:00,1801.44,1804.21,1796.5,1797.61,26013
2021-12-20 02:00:00,1798.11,1800.24,1788.29,1789.98,55176
2021-12-21 00:00:00,1790.8,1792.71,1789.34,1792.24,14095
2021-12-21 01:00:00,1792.16,1798.27,1788.92,1797.05,24222
2021-12-21 02:00:00,1796.28,1800.52,1785.0,1788.83,45384
2021-12-22 00:00:00,1788.87,1791.16,1787.54,1787.57,12796
2021-12-22 01:00:00,1788.72,1791.5,1785.86,1790.25,18276
2021-12-22 02:00:00,1789.94,1804.92,1788.48,1803.6,43556
2021-12-23 00:00:00,1803.13,1808.46,1802.96,1806.72,12556
2021-12-23 01:00:00,1806.38,1808.29,1804.15,1804.61,16226
2021-12-23 02:00:00,1804.82,1810.63,1798.9,1808.75,39541
2021-12-27 00:00:00,1805.97,1811.79,1805.97,1809.31,13840
2021-12-27 01:00:00,1809.3,1810.67,1804.76,1804.81,15097
2021-12-27 02:00:00,1805.47,1813.47,1802.92,1811.44,39000
2021-12-28 00:00:00,1811.55,1812.52,1808.44,1811.05,10623
2021-12-28 01:00:00,1810.09,1818.31,1810.04,1816.53,14685
2021-12-28 02:00:00,1817.9,1820.18,1805.05,1805.55,41559
2021-12-29 00:00:00,1806.56,1807.71,1804.04,1806.36,12491
2021-12-29 01:00:00,1805.8,1807.42,1794.5,1795.01,17402
2021-12-29 02:00:00,1795.8,1805.72,1789.47,1804.08,46651
2021-12-30 00:00:00,1803.71,1805.58,1798.94,1799.09,12717
2021-12-30 01:00:00,1800.56,1803.08,1796.12,1802.78,16770
2021-12-30 02:00:00,1801.05,1817.21,1798.83,1815.47,43449
2021-12-31 00:00:00,1814.64,1818.9,1814.2,1817.91,10318
2021-12-31 01:00:00,1817.46,1820.32,1815.08,1818.94,12353
2021-12-31 02:00:00,1819.64,1828.57,1818.6,1828.27,37724
2022-01-03 00:00:00,1830.63,1831.82,1823.72,1824.26,12363
2022-01-03 01:00:00,1825.1,1827.45,1820.93,1824.16,15999
2022-01-03 02:00:00,1826.42,1827.12,1798.32,1801.9,60404
2022-01-04 00:00:00,1802.46,1807.01,1802.21,1804.21,17681
2022-01-04 01:00:00,1803.4,1808.56,1801.95,1803.2,21809
2022-01-04 02:00:00,1805.67,1816.74,1798.51,1814.31,58729
2022-01-05 00:00:00,1813.84,1816.61,1812.69,1815.45,11872
2022-01-05 01:00:00,1814.97,1820.77,1812.49,1820.54,19344
2022-01-05 02:00:00,1818.44,1829.6,1808.32,1809.78,61253
2022-01-06 00:00:00,1810.06,1811.58,1804.89,1807.48,17687
2022-01-06 01:00:00,1805.53,1807.61,1793.75,1797.86,33512
2022-01-06 02:00:00,1801.27,1801.72,1786.5,1789.68,66007
2022-01-07 00:00:00,1791.18,1793.28,1789.78,1792.6,12367
2022-01-07 01:00:00,1792.62,1794.01,1787.82,1791.04,18166
2022-01-07 02:00:00,1791.32,1798.63,1782.64,1795.73,64014
2022-01-10 00:00:00,1794.95,1796.8,1791.47,1792.62,16262
2022-01-10 01:00:00,1792.51,1802.15,1791.35,1800.99,23454
2022-01-10 02:00:00,1799.73,1802.32,1790.36,1801.63,60693
2022-01-11 00:00:00,1800.41,1807.84,1799.97,1805.7,14581
2022-01-11 01:00:00,1806.7,1810.23,1804.44,1805.67,24835
2022-01-11 02:00:00,1806.12,1823.25,1801.79,1822.69,58421
2022-01-12 00:00:00,1820.14,1822.55,1817.74,1819.57,13978
2022-01-12 01:00:00,1818.17,1821.54,1814.71,1818.16,19934
2022-01-12 02:00:00,1817.44,1828.01,1816.32,1826.95,56508
2022-01-13 00:00:00,1825.78,1827.41,1824.02,1826.53,12458
2022-01-13 01:00:00,1825.91,1828.14,1819.04,1823.57,22469
2022-01-13 02:00:00,1822.82,1826.02,1812.35,1822.58,55453
2022-01-14 00:00:00,1821.49,1827.3,1819.53,1826.26,16843
2022-01-14 01:00:00,1825.99,1829.18,1819.91,1820.38,23406
2022-01-14 02:00:00,1823.66,1827.75,1814.7,1817.03,62432
2022-01-17 00:00:00,1817.35,1820.27,1813.2,1819.08,14278
2022-01-17 01:00:00,1819.39,1823.17,1818.24,1821.85,15557
2022-01-17 02:00:00,1820.9,1821.88,1817.7,1819.11,22410
2022-01-18 00:00:00,1818.27,1822.78,1815.31,1817.68,19063
2022-01-18 01:00:00,1817.94,1818.31,1809.2,1810.61,30789
2022-01-18 02:00:00,1810.06,1820.07,1805.79,1813.52,69454
2022-01-19 00:00:00,1814.08,1815.14,1810.25,1812.86,19017
2022-01-19 01:00:00,1811.76,1819.39,1811.32,1819.04,30433
2022-01-19 02:00:00,1818.75,1843.32,1816.73,1840.74,71085
2022-01-20 00:00:00,1840.2,1844.1,1837.96,1839.1,22928
2022-01-20 01:00:00,1839.88,1842.13,1836.74,1837.39,27583
2022-01-20 02:00:00,1837.25,1847.92,1835.95,1838.48,66284
2022-01-21 00:00:00,1839.26,1842.04,1836.29,1840.89,23165
2022-01-21 01:00:00,1841.38,1842.76,1828.39,1833.65,29760
2022-01-21 02:00:00,1833.98,1843.24,1828.58,1831.22,67991
2022-01-24 00:00:00,1832.9,1838.46,1832.57,1837.01,18481
2022-01-24 01:00:00,1837.96,1844.38,1836.44,1837.84,32318
2022-01-24 02:00:00,1840.02,1843.75,1829.72,1843.46,89583
2022-01-25 00:00:00,1842.85,1843.65,1839.43,1842.29,19177
2022-01-25 01:00:00,1842.01,1843.38,1834.94,1837.48,27054
2022-01-25 02:00:00,1837.81,1853.9,1837.06,1848.05,71718
2022-01-26 00:00:00,1847.49,1850.06,1846.55,1847.33,13250
2022-01-26 01:00:00,1847.46,1848.64,1843.72,1844.67,20861
2022-01-26 02:00:00,1846.84,1848.13,1817.9163887834884,1820.2923927206232,86454
2022-01-27 00:00:00,1822.5904529618929,1824.7382776111738,1813.07,1814.72,24604
2022-01-27 01:00:00,1815.83,1816.91,1809.55,1810.46,34376
2022-01-27 02:00:00,1811.72,1813.73,1791.84,1796.27,78894
2022-01-28 00:00:00,1797.3,1799.42,1795.02,1798.69,17274
2022-01-28 01:00:00,1798.65,1798.89,1780.3,1783.93,30128
2022-01-28 02:00:00,1787.17,1793.09,1780.3,1789.96,74617
2022-01-31 00:00:00,1788.96,1790.6,1785.57,1787.54,13852
2022-01-31 01:00:00,1787.3,1792.5,1786.06,1791.49,23438
2022-01-31 02:00:00,1791.92,1799.89,1789.53,1798.96,64589
2022-02-01 00:00:00,1797.51,1802.03,1795.77,1801.74,12763
2022-02-01 01:00:00,1799.42,1808.31,1799.34,1807.79,23971
2022-02-01 02:00:00,1806.66,1808.79,1797.79,1801.97,64130
2022-02-02 00:00:00,1801.02,1801.69,1797.15,1798.6,9022
2022-02-02 01:00:00,1797.69,1803.69,1794.51,1802.94,20971
2022-02-02 02:00:00,1802.71,1810.77,1800.58,1807.15,58912
2022-02-03 00:00:00,1806.94,1808.93,1805.97,1806.64,9058
2022-02-03 01:00:00,1806.57,1806.89,1802.27,1803.37,18704
2022-02-03 02:00:00,1803.19,1807.7,1788.66,1804.81,80355
2022-02-04 00:00:00,1804.8,1807.9,1804.74,1806.9,10581
2022-02-04 01:00:00,1806.48,1814.49,1805.78,1810.91,26310
2022-02-04 02:00:00,1813.28,1814.88,1792.14,1807.91,71325
2022-02-07 00:00:00,1808.53,1815.3,1807.84,1809.69,21859
2022-02-07 01:00:00,1810.49,1814.16,1808.81,1812.14,27276
2022-02-07 02:00:00,1810.38,1823.54,1810.35,1820.8,57012
2022-02-08 00:00:00,1821.2,1823.31,1819.04,1819.41,14940
2022-02-08 01:00:00,1821.41,1821.58,1815.43,1817.68,25329
2022-02-08 02:00:00,1819.11,1828.75,1817.26,1826.17,52231
2022-02-09 00:00:00,1825.75,1828.75,1825.06,1827.91,13710
2022-02-09 01:00:00,1827.3,1829.26,1825.78,1826.54,18708
2022-02-09 02:00:00,1826.89,1835.8,1824.73,1832.73,52395
2022-02-10 00:00:00,1832.74,1834.79,1831.55,1833.83,12498
2022-02-10 01:00:00,1834.14,1836.02,1830.45,1833.1,21531
2022-02-10 02:00:00,1833.05,1841.92,1821.68,1826.18,90077
2022-02-11 00:00:00,1827.28,1827.97,1823.09,1825.19,19994
2022-02-11 01:00:00,1824.21,1827.81,1820.92,1826.19,26568
2022-02-11 02:00:00,1826.09,1861.740072658521,1824.96,1859.0295388742638,90354
2022-02-14 00:00:00,1852.8623879667098,1861.52,1848.7561474972294,1853.75,26100
2022-02-14 01:00:00,1851.81,1858.51,1850.82,1856.06,35215
2022-02-14 02:00:00,1855.58,1874.16,1851.42,1871.71,86383
2022-02-15 00:00:00,1870.57,1879.42,1870.13,1878.54,18360
2022-02-15 01:00:00,1877.42,1879.51,1852.44,1854.91,34674
2022-02-15 02:00:00,1855.02,1857.13,1844.49,1853.34,61067
2022-02-16 00:00:00,1853.83,1854.63,1850.33,1853.13,14428
2022-02-16 01:00:00,1852.9,1859.62,1852.22,1855.01,22676
2022-02-16 02:00:00,1854.79,1872.57,1851.41,1868.53,65707
2022-02-17 00:00:00,1869.85,1876.25,1867.81,1873.7,25204
2022-02-17 01:00:00,1873.8,1893.43,1870.47,1884.27,39791
2022-02-17 02:00:00,1886.17,1901.13,1882.74,1897.9,75031
2022-02-18 00:00:00,1898.69,1902.51,1888.22,1890.2,22945
2022-02-18 01:00:00,1890.45,1895.86,1886.58,1888.8,28647
2022-02-18 02:00:00,1889.55,1899.96,1886.65,1897.25,65128
2022-02-21 00:00:00,1902.54,1908.26,1889.19,1891.06,24845
2022-02-21 01:00:00,1891.88,1898.38,1887.62,1897.0,25932
2022-02-21 02:00:00,1897.39,1906.09,1892.48,1903.46,36586
2022-02-22 00:00:00,1912.0,1913.98,1905.29,1908.2,30403
2022-02-22 01:00:00,1907.81,1913.36,1893.1,1894.38,44826
2022-02-22 02:00:00,1896.55,1907.15,1891.38,1899.36,78421
2022-02-23 00:00:00,1898.91,1901.36,1894.62,1895.52,12517
2022-02-23 01:00:00,1897.0,1898.38,1889.62,1895.36,28889
2022-02-23 02:00:00,1894.83,1910.49,1893.54,1908.23,62535
2022-02-24 00:00:00,1909.79,1945.0053071496563,1909.63,1935.0029175496652,44296
2022-02-24 01:00:00,1932.7929978413815,1971.1600614299311,1931.0131170692734,1966.786583509933,58883
2022-02-24 02:00:00,1969.3395995682763,1973.86,1883.0266234138546,1909.0343167019864,97513
2022-02-25 00:00:00,1912.3459199136553,1926.5428024571972,1904.01,1914.01,30777
2022-02-25 01:00:00,1912.23,1921.33,1901.42,1903.66,38161
2022-02-25 02:00:00,1910.12,1913.91,1882.86,1887.24,84044
2022-02-28 00:00:00,1919.79,1926.69,1904.23,1909.44,28850
2022-02-28 01:00:00,1911.12,1911.89,1893.16,1906.0,35098
2022-02-28 02:00:00,1906.52,1918.25,1890.86,1908.22,83766
2022-03-01 00:00:00,1908.3,1908.7,1901.39,1905.06,14129
2022-03-01 01:00:00,1905.56,1926.32,1904.58,1921.71,32571
2022-03-01 02:00:00,1925.2,1947.4677317575743,1911.05,1941.19682259421,100568
2022-03-02 00:00:00,1942.98,1944.27,1930.97,1935.94,26308
2022-03-02 01:00:00,1936.3,1947.87,1913.42,1928.63,43255
2022-03-02 02:00:00,1926.56,1935.58,1914.88,1927.5,68873
2022-03-03 00:00:00,1929.27,1930.81,1922.08,1923.76,18957
2022-03-03 01:00:00,1924.46,1935.69,1922.08,1934.16,31137
2022-03-03 02:00:00,1933.86,1941.18,1923.29,1938.08,72574
2022-03-04 00:00:00,1936.72,1950.93,1929.56,1939.58,29845
2022-03-04 01:00:00,1939.19,1949.07,1933.99,1946.39,32926
2022-03-04 02:00:00,1947.23,1970.19,1939.88,1968.51,83795
2022-03-07 00:00:00,1977.1516776472022,1997.4322508029677,1976.450225847309,1986.24,46495
2022-03-07 01:00:00,1989.61,2002.61,1976.06,1994.93,50585
2022-03-07 02:00:00,2002.47,2002.47,1961.03,1998.08,104658
2022-03-08 00:00:00,1997.23,2000.05,1981.08,1990.22,25404
2022-03-08 01:00:00,1991.2,2020.89,1989.16,2005.82,50131
2022-03-08 02:00:00,2005.84,2064.950603920257,2003.67,2047.051811272766,125503
2022-03-09 00:00:00,2045.3259431473693,2059.24,2031.584722254454,2055.02,31099
2022-03-09 01:00:00,2051.68,2057.21,2004.22,2018.3936724509106,46499
2022-03-09 02:00:00,2017.9522377258947,2025.230044831362,1979.335788890178,1997.366734490182,90628
2022-03-10 00:00:00,1994.8284475451787,1996.7000089662724,1970.26,1977.84,23643
2022-03-10 01:00:00,1977.8,2007.69,1974.32,2006.19,37650
2022-03-10 02:00:00,1999.6,2009.1,1981.72,1996.07,74020
2022-03-11 00:00:00,1997.35,1998.88,1983.39,1985.05,14430
2022-03-11 01:00:00,1987.94,1994.92,1975.6,1980.82,21572
2022-03-11 02:00:00,1991.53,1991.98,1958.56,1986.13,60096
2022-03-14 00:00:00,1980.23,1980.8,1969.9,1975.96,15465
2022-03-14 01:00:00,1977.59,1978.5,1954.53,1959.02,26792
2022-03-14 02:00:00,1961.61,1967.93,1949.7,1951.44,50657
2022-03-15 00:00:00,1953.35,1954.5,1929.55,1933.04,18788
2022-03-15 01:00:00,1936.1,1936.4,1920.29,1925.46,27490
2022-03-15 02:00:00,1921.81,1930.95,1907.05,1917.56,57513
2022-03-16 00:00:00,1916.18,1924.84,1915.2,1916.12,10913
2022-03-16 01:00:00,1916.76,1923.9,1911.67,1922.09,20062
2022-03-16 02:00:00,1921.17,1929.49,1895.01,1924.83,67361
2022-03-17 00:00:00,1925.89,1938.2,1922.4253534056393,1934.98,12901
2022-03-17 01:00:00,1935.9,1946.8,1930.07,1943.69,19373
2022-03-17 02:00:00,1943.22,1949.74,1935.44,1942.56,46383
2022-03-18 00:00:00,1941.2,1945.36,1926.89,1932.91,10562
2022-03-18 01:00:00,1933.91,1939.86,1928.8,1938.62,17972
2022-03-18 02:00:00,1935.04,1940.91,1917.97,1920.74,50455
2022-03-21 00:00:00,1919.99,1928.84,1918.24,1927.36,15023
2022-03-21 01:00:00,1928.1,1928.85,1921.91,1925.7,20012
2022-03-21 02:00:00,1925.59,1941.02,1917.69,1934.91,52971
2022-03-22 00:00:00,1936.16,1937.82,1929.31,1937.06,13516
2022-03-22 01:00:00,1934.58,1938.35,1922.85,1928.31,23300
2022-03-22 02:00:00,1927.44,1930.93,1910.67,1921.53,53375
2022-03-23 00:00:00,1920.54,1924.45,1915.51,1921.21,11462
2022-03-23 01:00:00,1922.34,1934.99,1917.04,1928.54,20495
2022-03-23 02:00:00,1933.26,1948.28,1925.01,1944.86,51725
2022-03-24 00:00:00,1944.95,1948.66,1937.76,1939.98,14362
2022-03-24 01:00:00,1940.41,1947.33,1937.54,1946.04,22890
2022-03-24 02:00:00,1943.86,1966.2,1942.54,1956.95,61308
2022-03-25 00:00:00,1958.29,1964.37,1957.68,1958.4,13822
2022-03-25 01:00:00,1960.16,1960.69,1949.95,1951.81,22197
2022-03-25 02:00:00,1950.41,1961.92,1943.2,1957.24,56195
2022-03-28 00:00:00,1955.63,1958.52,1942.35,1943.87,23999
2022-03-28 01:00:00,1944.7,1945.0,1925.32,1931.88,41411
2022-03-28 02:00:00,1932.29,1945.58,1917.02,1922.77,74065
2022-03-29 00:00:00,1922.35,1929.36,1921.46,1923.79,19221
2022-03-29 01:00:00,1925.18,1925.25,1909.73,1914.07,32704
2022-03-29 02:00:00,1912.98,1921.41,1890.02,1919.36,79100
2022-03-30 00:00:00,1920.13,1925.57,1915.81,1924.9,18083
2022-03-30 01:00:00,1923.61,1928.34,1917.24,1919.91,29107
2022-03-30 02:00:00,1919.51,1938.45,1919.1,1933.92,56347
2022-03-31 00:00:00,1933.15,1934.11,1920.58,1921.85,17210
2022-03-31 01:00:00,1925.07,1933.84,1919.1,1927.44,30340
2022-03-31 02:00:00,1925.94,1949.76,1924.77,1936.87,59788
2022-04-01 00:00:00,1937.15,1939.6,1932.53,1937.79,12855
2022-04-01 01:00:00,1938.33,1939.6,1929.47,1932.91,25372
2022-04-01 02:00:00,1934.12,1934.68,1918.06,1924.07,65047
2022-04-04 00:00:00,1924.07,1926.88,1915.5,1917.02,12476
2022-04-04 01:00:00,1919.02,1933.09,1915.5,1926.82,26023
2022-04-04 02:00:00,1926.29,1936.82,1924.28,1931.68,58668
2022-04-05 00:00:00,1932.48,1933.85,1926.59,1927.59,11867
2022-04-05 01:00:00,1928.63,1933.64,1925.53,1927.7,24199
2022-04-05 02:00:00,1929.7,1944.58,1917.97,1922.92,61634
2022-04-06 00:00:00,1923.02,1925.34,1916.66,1922.05,19658
2022-04-06 01:00:00,1923.93,1933.41,1915.15,1927.39,29591
2022-04-06 02:00:00,1929.8,1931.93,1915.57,1924.95,68656
2022-04-07 00:00:00,1924.08,1927.29,1920.9,1921.04,15883
2022-04-07 01:00:00,1922.25,1928.76,1920.47,1927.58,23865
2022-04-07 02:00:00,1927.57,1937.72,1923.6,1931.21,61223
2022-04-08 00:00:00,1931.72,1935.51,1928.63,1928.89,15179
2022-04-08 01:00:00,1931.02,1934.05,1927.67,1933.42,23077
2022-04-08 02:00:00,1932.38,1948.25,1929.21,1945.48,62199
2022-04-11 00:00:00,1947.6,1950.02,1940.38,1942.65,18955
2022-04-11 01:00:00,1942.87,1959.4,1940.0,1954.4,31706
2022-04-11 02:00:00,1958.16,1969.78,1940.84,1954.62,71419
2022-04-12 00:00:00,1952.27,1960.21,1949.81,1960.14,17244
2022-04-12 01:00:00,1959.2,1960.36,1949.81,1956.34,26297
2022-04-12 02:00:00,1953.2,1978.68,1952.51,1965.17,74123
2022-04-13 00:00:00,1966.8,1972.26,1962.81,1969.99,16869
2022-04-13 01:00:00,1969.97,1979.94,1965.75,1979.25,27094
2022-04-13 02:00:00,1977.69,1981.59,1971.82,1977.22,58719
2022-04-14 00:00:00,1977.13,1980.35,1972.5,1974.84,16772
2022-04-14 01:00:00,1973.57,1978.43,1967.71,1968.93,24982
2022-04-14 02:00:00,1969.24,1979.88,1960.38,1972.34,64492
2022-04-18 00:00:00,1972.39,1988.57,1971.66,1985.07,23179
2022-04-18 01:00:00,1984.91,1993.93,1983.38,1989.51,24098
2022-04-18 02:00:00,1992.83,1998.43,1976.33,1978.23,69046
2022-04-19 00:00:00,1977.54,1978.94,1974.87,1976.68,19732
2022-04-19 01:00:00,1978.74,1981.19,1972.81,1975.91,30962
2022-04-19 02:00:00,1977.91,1982.0,1946.760496345879,1952.3414925859179,74705
2022-04-20 00:00:00,1952.642350391704,1954.548443531533,1940.43,1944.14,27184
2022-04-20 01:00:00,1944.2,1953.62,1939.32,1951.43,34486
2022-04-20 02:00:00,1948.89,1957.99,1943.98,1955.22,67136
2022-04-21 00:00:00,1956.03,1957.32,1950.37,1952.04,19787
2022-04-21 01:00:00,1951.41,1954.05,1942.12,1945.66,30144
2022-04-21 02:00:00,1945.41,1953.92,1936.84,1951.41,73934
2022-04-22 00:00:00,1950.28,1953.68,1945.99,1952.05,23482
2022-04-22 01:00:00,1950.46,1955.63,1930.85,1932.52,36179
2022-04-22 02:00:00,1943.85,1946.47,1926.68,1932.69,74906
2022-04-25 00:00:00,1932.72,1934.26,1921.92,1923.03,25855
2022-04-25 01:00:00,1924.2,1924.5,1912.32,1915.62,42629
2022-04-25 02:00:00,1917.27,1918.2,1891.43,1897.73,89733
2022-04-26 00:00:00,1898.55,1905.09,1897.33,1902.67,22988
2022-04-26 01:00:00,1902.28,1907.61,1895.77,1904.77,33624
2022-04-26 02:00:00,1904.6,1911.27,1896.61,1905.03,70363
2022-04-27 00:00:00,1906.03,1907.03,1896.82,1897.4,20711
2022-04-27 01:00:00,1899.19,1903.52,1886.67,1895.08,36926
2022-04-27 02:00:00,1895.17,1907.0,1881.42,1885.6,74892
2022-04-28 00:00:00,1885.48,1886.71,1876.0,1877.16,23340
2022-04-28 01:00:00,1878.95,1891.82,1872.04,1887.52,41466
2022-04-28 02:00:00,1889.7,1896.72,1882.03,1895.81,76612
2022-04-29 00:00:00,1895.11,1905.92,1892.48,1904.3,21428
2022-04-29 01:00:00,1904.38,1917.9,1903.47,1917.75,37088
2022-04-29 02:00:00,1914.64,1919.83,1894.48,1897.61,75176
2022-05-02 00:00:00,1899.29,1899.86,1884.65,1885.51,24405
2022-05-02 01:00:00,1888.61,1888.61,1876.85,1878.14,27844
2022-05-02 02:00:00,1880.73,1882.31,1854.6,1861.82,70283
2022-05-03 00:00:00,1863.44,1867.08,1859.7,1863.19,14580
2022-05-03 01:00:00,1862.66,1864.55,1850.38,1858.02,31750
2022-05-03 02:00:00,1857.63,1878.13,1855.09,1867.13,62636
2022-05-04 00:00:00,1868.01,1869.44,1861.57,1863.51,13311
2022-05-04 01:00:00,1864.71,1872.1,1861.42,1870.42,20341
2022-05-04 02:00:00,1869.9,1889.81,1861.7,1883.48,73365
2022-05-05 00:00:00,1881.9,1903.4,1881.88,1900.15,27503
2022-05-05 01:00:00,1901.23,1902.21,1889.53,1897.99,34721
2022-05-05 02:00:00,1897.41,1909.77,1872.57,1879.09,88541
2022-05-06 00:00:00,1876.3,1881.2058090363998,1866.06,1876.68,28709
2022-05-06 01:00:00,1876.81,1884.99,1873.1,1883.13,33916
2022-05-06 02:00:00,1883.2,1892.56,1874.53,1881.76,73402
2022-05-09 00:00:00,1883.46,1885.59,1873.63,1875.81,26710
2022-05-09 01:00:00,1874.98,1876.25,1856.16,1859.02,40321
2022-05-09 02:00:00,1863.77,1871.47,1851.63,1852.93,82321
2022-05-10 00:00:00,1853.22,1865.3,1852.26,1863.98,29691
2022-05-10 01:00:00,1864.18,1865.39,1856.26,1857.01,35092
2022-05-10 02:00:00,1857.83,1864.51,1835.49,1839.85,77902
2022-05-11 00:00:00,1838.98,1840.25,1831.97,1838.7,21965
2022-05-11 01:00:00,1835.92,1854.35,1835.88,1853.11,31592
2022-05-11 02:00:00,1852.58,1858.15,1835.11,1851.74,84288
2022-05-12 00:00:00,1851.39,1858.77,1850.86,1853.09,25134
2022-05-12 01:00:00,1852.94,1854.14,1843.94,1850.51,45086
2022-05-12 02:00:00,1848.19,1851.99,1821.53,1826.1111436128563,82775
2022-05-13 00:00:00,1825.273310953988,1829.9821215535612,1810.5,1827.0,23337
2022-05-13 01:00:00,1824.95,1828.76,1817.7,1818.2,30510
2022-05-13 02:00:00,1822.69,1822.94,1799.06,1810.46,64845
2022-05-16 00:00:00,1814.33,1817.61,1809.2,1810.2,23855
2022-05-16 01:00:00,1810.61,1811.34,1786.84,1804.61,29790
2022-05-16 02:00:00,1800.42,1826.89,1798.11,1822.52,57234
2022-05-17 00:00:00,1824.95,1829.3,1819.343780244878,1823.99,19662
2022-05-17 01:00:00,1822.92,1830.41,1822.79,1828.69,27226
2022-05-17 02:00:00,1828.36,1836.05,1812.86,1813.16,62327
2022-05-18 00:00:00,1814.35,1817.25,1807.66,1809.03,19385
2022-05-18 01:00:00,1808.49,1820.4,1808.01,1819.26,26321
2022-05-18 02:00:00,1819.52,1824.71,1807.32,1816.28,56949
2022-05-19 00:00:00,1816.31,1817.69,1813.85,1815.76,17319
2022-05-19 01:00:00,1816.17,1830.78,1810.96,1827.94,30687
2022-05-19 02:00:00,1830.12,1849.15,1826.41,1841.25,68425
2022-05-20 00:00:00,1841.91,1844.51,1836.6,1843.1,16027
2022-05-20 01:00:00,1841.64,1849.44,1841.04,1845.75,29376
2022-05-20 02:00:00,1846.67,1847.78,1832.38,1845.2,50594
2022-05-23 00:00:00,1847.95,1855.81,1843.32,1854.72,17389
2022-05-23 01:00:00,1854.48,1865.39,1852.07,1861.14,25683
2022-05-23 02:00:00,1864.59,1865.39,1847.1,1853.14,51629
2022-05-24 00:00:00,1853.3,1857.15,1849.4,1856.46,11215
2022-05-24 01:00:00,1855.86,1860.67,1850.47,1855.14,20099
2022-05-24 02:00:00,1857.17,1869.67,1854.17,1866.9,44103
2022-05-25 00:00:00,1865.24,1868.05,1859.69,1862.95,14109
2022-05-25 01:00:00,1862.46,1863.36,1853.13,1854.15,19250
2022-05-25 02:00:00,1856.78,1857.17,1842.05,1853.72,45190
2022-05-26 00:00:00,1852.72,1854.37,1848.19,1848.2,14761
2022-05-26 01:00:00,1850.79,1851.54,1842.85,1846.06,27037
2022-05-26 02:00:00,1845.81,1853.71,1840.78,1851.03,46252
2022-05-27 00:00:00,1850.63,1856.46,1847.96,1853.12,15655
2022-05-27 01:00:00,1854.72,1860.42,1851.91,1859.1,17753
2022-05-27 02:00:00,1858.81,1862.0,1850.56,1853.66,39794
2022-05-30 00:00:00,1852.24,1861.96,1848.22,1860.11,13619
2022-05-30 01:00:00,1860.58,1863.96,1855.38,1855.73,17189
2022-05-30 02:00:00,1858.18,1861.13,1853.55,1855.1,19149
2022-05-31 00:00:00,1856.03,1856.83,1845.99,1852.33,17702
2022-05-31 01:00:00,1852.23,1857.09,1848.9,1849.12,18741
2022-05-31 02:00:00,1850.37,1855.39,1835.1,1838.02,51466
2022-06-01 00:00:00,1836.74,1838.45,1833.22,1834.19,15703
2022-06-01 01:00:00,1836.72,1837.18,1828.5,1829.99,22658
2022-06-01 02:00:00,1831.58,1850.02,1828.96,1846.96,51257
2022-06-02 00:00:00,1847.13,1848.94,1844.13,1844.66,11746
2022-06-02 01:00:00,1844.9,1856.74,1844.13,1856.58,16018
2022-06-02 02:00:00,1853.99,1870.37,1851.0,1868.75,45997
2022-06-03 00:00:00,1868.8,1874.09,1867.42,1867.49,11418
2022-06-03 01:00:00,1868.95,1869.2,1863.38,1865.02,13852
2022-06-03 02:00:00,1864.76,1867.89,1847.38,1850.81,42908
2022-06-06 00:00:00,1850.56,1856.37,1839.84,1856.0,9514
2022-06-06 01:00:00,1856.1,1856.68,1850.95,1854.52,19010
2022-06-06 02:00:00,1853.92,1857.82,1840.65,1842.14,43767
2022-06-07 00:00:00,1840.79,1843.76,1837.03,1843.34,14944
2022-06-07 01:00:00,1840.19,1848.97,1838.56,1847.35,18726
2022-06-07 02:00:00,1847.4,1855.52,1842.42,1852.37,38625
2022-06-08 00:00:00,1852.56,1853.71,1845.82,1847.5,13578
2022-06-08 01:00:00,1846.83,1851.38,1845.82,1849.84,17934
2022-06-08 02:00:00,1849.49,1859.62,1844.61,1851.94,38644
2022-06-09 00:00:00,1852.74,1855.32,1850.88,1854.32,11507
2022-06-09 01:00:00,1855.07,1855.23,1847.64,1849.74,17889
2022-06-09 02:00:00,1849.13,1852.56,1840.03,1848.05,49124
2022-06-10 00:00:00,1847.73,1848.35,1844.36,1845.46,11858
2022-06-10 01:00:00,1844.83,1847.57,1841.83,1842.84,18648
2022-06-10 02:00:00,1842.94,1873.1916783495476,1825.13,1868.491753156131,80184
2022-06-13 00:00:00,1874.7253727708012,1878.78,1857.0799384862398,1862.75,22775
2022-06-13 01:00:00,1863.6,1867.26,1852.67,1855.37,34374
2022-06-13 02:00:00,1854.74,1858.96,1822.4457975394494,1824.4344540252491,81136
2022-06-14 00:00:00,1819.2268029821662,1831.373362685359,1813.91,1826.13,23157
2022-06-14 01:00:00,1825.41,1831.55,1820.47,1820.54,33427
2022-06-14 02:00:00,1824.05,1825.39,1805.17,1808.18,68161
2022-06-15 00:00:00,1807.31,1819.14,1807.31,1815.31,21529
2022-06-15 01:00:00,1815.66,1826.31,1813.2,1825.52,35553
2022-06-15 02:00:00,1825.45,1841.82,1813.55,1834.99,95015
2022-06-16 00:00:00,1833.07,1836.41,1829.82,1830.67,18501
2022-06-16 01:00:00,1832.75,1836.09,1819.62,1821.99,36401
2022-06-16 02:00:00,1830.22,1855.02,1815.32,1851.7725289904404,79682
2022-06-17 00:00:00,1853.58,1853.62,1839.1845443390257,1843.33,21082
2022-06-17 01:00:00,1842.2,1852.54,1842.0,1846.87,25416
2022-06-17 02:00:00,1847.88,1853.05,1833.94,1839.64,63429
2022-06-20 00:00:00,1835.91,1846.03,1834.48,1844.73,21129
2022-06-20 01:00:00,1843.92,1845.1,1836.46,1838.78,20122
2022-06-20 02:00:00,1840.77,1843.21,1835.58,1838.41,22193
2022-06-21 00:00:00,1837.77,1842.42,1837.18,1839.17,15508
2022-06-21 01:00:00,1840.22,1840.85,1832.71,1834.28,23056
2022-06-21 02:00:00,1837.3,1843.63,1828.67,1833.7,49354
2022-06-22 00:00:00,1832.38,1832.85,1825.7,1827.51,18397
2022-06-22 01:00:00,1827.57,1830.35,1823.48,1829.85,26902
2022-06-22 02:00:00,1828.69,1847.93,1827.31,1837.6,62155
2022-06-23 00:00:00,1837.17,1838.71,1832.44,1833.21,16208
2022-06-23 01:00:00,1832.8,1838.14,1827.74,1829.68,28065
2022-06-23 02:00:00,1832.01,1846.04,1822.58,1825.32,58258
2022-06-24 00:00:00,1823.83,1826.44,1821.71,1824.43,19154
2022-06-24 01:00:00,1825.17,1831.7,1821.27,1826.75,26023
2022-06-24 02:00:00,1828.88,1831.29,1816.92,1825.82,52495
2022-06-27 00:00:00,1835.82,1836.79,1828.27,1835.39,22759
2022-06-27 01:00:00,1834.87,1841.03,1833.92,1837.29,23705
2022-06-27 02:00:00,1837.35,1839.85,1820.81,1822.56,55117
2022-06-28 00:00:00,1822.65,1826.95,1821.5,1826.58,15240
2022-06-28 01:00:00,1825.96,1829.48,1824.32,1824.83,21397
2022-06-28 02:00:00,1824.75,1826.72,1818.37,1819.75,47811
2022-06-29 00:00:00,1819.14,1822.99,1818.3,1821.04,12149
2022-06-29 01:00:00,1820.75,1822.39,1812.16,1818.66,26178
2022-06-29 02:00:00,1814.72,1833.07,1814.71,1818.53,48498
2022-06-30 00:00:00,1817.97,1821.97,1816.25,1816.36,13172
2022-06-30 01:00:00,1817.35,1817.84,1810.68,1810.84,24015
2022-06-30 02:00:00,1813.01,1825.1,1802.75,1807.56,58971
2022-07-01 00:00:00,1806.65,1807.22,1800.91,1802.02,20454
2022-07-01 01:00:00,1801.46,1803.13,1791.1,1791.7,33447
2022-07-01 02:00:00,1795.69,1809.32,1784.45,1807.18,70910
2022-07-04 00:00:00,1809.72,1814.26,1805.58,1811.82,19844
2022-07-04 01:00:00,1811.48,1813.45,1803.99,1805.38,20101
2022-07-04 02:00:00,1805.82,1810.98,1803.99,1807.9,21498
2022-07-05 00:00:00,1807.58,1812.13,1806.6,1811.7,15386
2022-07-05 01:00:00,1810.88,1812.09,1800.39,1803.19,27658
2022-07-05 02:00:00,1803.52,1804.7,1767.7073942872166,1769.4767817049897,68806
2022-07-06 00:00:00,1770.5873605727388,1776.1914234811074,1766.66,1768.08,21030
2022-07-06 01:00:00,1769.23,1771.84,1760.25,1762.16,33476
2022-07-06 02:00:00,1764.01,1767.96,1735.1974191542977,1739.35,73185
2022-07-07 00:00:00,1742.436058884582,1747.01,1736.5,1745.36,20648
2022-07-07 01:00:00,1745.83,1747.69,1740.08,1742.04,27736
2022-07-07 02:00:00,1743.36,1749.12,1738.0,1740.27,53310
2022-07-08 00:00:00,1740.69,1746.62,1738.92,1740.5,19753
2022-07-08 01:00:00,1742.42,1743.97,1733.24,1740.39,23662
2022-07-08 02:00:00,1738.53,1752.45,1732.95,1741.44,52228
2022-07-11 00:00:00,1740.87,1744.51,1738.6,1741.34,16956
2022-07-11 01:00:00,1742.58,1742.78,1734.09,1735.84,23019
2022-07-11 02:00:00,1735.19,1742.71,1731.37,1733.47,53267
2022-07-12 00:00:00,1733.46,1744.2,1723.23,1730.18,21460
2022-07-12 01:00:00,1733.41,1739.15,1725.59,1732.58,29211
2022-07-12 02:00:00,1735.0,1739.37,1724.57,1725.56,58258
2022-07-13 00:00:00,1725.79,1728.8,1722.84,1727.21,20325
2022-07-13 01:00:00,1727.22,1730.29,1722.53,1727.73,25962
2022-07-13 02:00:00,1728.1,1745.42,1707.03,1735.32,82434
2022-07-14 00:00:00,1735.81,1736.28,1725.47,1729.92,22191
2022-07-14 01:00:00,1731.95,1732.25,1712.28,1713.63,36432
2022-07-14 02:00:00,1716.64,1716.72,1697.61,1710.46,85247
2022-07-15 00:00:00,1710.89,1716.62,1707.66,1708.03,20910
2022-07-15 01:00:00,1708.51,1712.45,1700.71,1702.12,30165
2022-07-15 02:00:00,1702.59,1714.11,1699.09,1705.78,62619
2022-07-18 00:00:00,1706.88,1717.72,1706.38,1715.73,20600
2022-07-18 01:00:00,1716.05,1723.95,1711.95,1720.13,29072
2022-07-18 02:00:00,1722.13,1722.21,1706.72,1708.58,61309
2022-07-19 00:00:00,1709.72,1710.06,1705.38,1709.7,15745
2022-07-19 01:00:00,1709.48,1715.58,1707.45,1714.77,28729
2022-07-19 02:00:00,1713.43,1718.42,1708.58,1711.25,56626
2022-07-20 00:00:00,1711.12,1713.43,1709.55,1712.37,15243
2022-07-20 01:00:00,1712.14,1713.96,1706.04,1712.25,20160
2022-07-20 02:00:00,1712.9,1714.46,1692.46,1695.2,57005
2022-07-21 00:00:00,1696.56,1697.16,1690.07,1691.83,15072
2022-07-21 01:00:00,1691.55,1693.85,1682.37,1684.19,24706
2022-07-21 02:00:00,1684.56,1717.727052766417,1680.84,1716.5629196366526,71246
2022-07-22 00:00:00,1714.9727681025886,1719.33,1709.7595890436744,1713.48,15338
2022-07-22 01:00:00,1713.69,1725.7,1713.12,1722.49,28539
2022-07-22 02:00:00,1724.37,1739.31,1720.4,1724.75,67339
2022-07-25 00:00:00,1725.62,1728.91,1719.95,1726.89,20865
2022-07-25 01:00:00,1727.47,1736.28,1723.81,1730.02,31024
2022-07-25 02:00:00,1735.03,1735.42,1714.77,1718.23,57061
2022-07-26 00:00:00,1718.69,1728.22,1718.03,1722.23,17416
2022-07-26 01:00:00,1724.08,1727.84,1716.52,1718.9,25279
2022-07-26 02:00:00,1720.13,1721.93,1713.66,1717.25,54171
2022-07-27 00:00:00,1717.17,1720.13,1715.81,1717.0,14820
2022-07-27 01:00:00,1716.8,1725.22,1713.67,1723.05,23737
2022-07-27 02:00:00,1722.24,1740.32,1711.52,1733.98,63684
2022-07-28 00:00:00,1734.33,1741.73,1734.06,1736.42,21279
2022-07-28 01:00:00,1737.07,1748.53,1735.45,1740.33,29663
2022-07-28 02:00:00,1741.35,1756.98,1736.09,1756.62,75419
2022-07-29 00:00:00,1755.3,1763.89,1752.61,1762.01,21578
2022-07-29 01:00:00,1762.94,1767.93,1756.4,1760.3,32308
2022-07-29 02:00:00,1760.2,1767.16,1751.98,1765.38,70473
2022-08-01 00:00:00,1765.17,1765.86,1760.63,1761.53,21623
2022-08-01 01:00:00,1762.1,1774.96,1758.37,1773.68,29161
2022-08-01 02:00:00,1773.62,1775.23,1764.22,1771.9,64041
2022-08-02 00:00:00,1771.8,1780.58,1770.89,1774.14,20450
2022-08-02 01:00:00,1774.67,1776.39,1768.96,1775.67,27903
2022-08-02 02:00:00,1774.66,1788.06,1760.5,1763.24,76948
2022-08-03 00:00:00,1761.99,1769.95,1754.95,1769.38,19474
2022-08-03 01:00:00,1768.91,1770.64,1760.3,1761.26,24089
2022-08-03 02:00:00,1765.81,1772.8,1754.34,1764.91,54001
2022-08-04 00:00:00,1765.43,1772.01,1763.14,1770.93,12095
2022-08-04 01:00:00,1770.72,1780.94,1769.12,1779.58,16904
2022-08-04 02:00:00,1779.76,1794.95,1774.3,1791.35,57951
2022-08-05 00:00:00,1790.7,1794.89,1788.73,1791.4,18436
2022-08-05 01:00:00,1792.18,1792.96,1785.18,1786.6,24669
2022-08-05 02:00:00,1786.59,1789.24,1764.98,1774.62,74213
2022-08-08 00:00:00,1772.85,1775.47,1771.19,1772.01,16974
2022-08-08 01:00:00,1773.35,1779.15,1771.26,1777.07,23699
2022-08-08 02:00:00,1777.63,1790.01,1776.43,1788.69,52215
2022-08-09 00:00:00,1788.53,1790.63,1783.23,1786.16,15833
2022-08-09 01:00:00,1785.73,1793.42,1783.57,1792.29,21317
2022-08-09 02:00:00,1790.96,1800.45,1788.03,1794.82,50337
2022-08-10 00:00:00,1793.64,1794.61,1790.49,1790.89,11652
2022-08-10 01:00:00,1791.24,1795.29,1787.62,1793.9,20563
2022-08-10 02:00:00,1794.23,1807.87,1787.94,1791.67,76271
2022-08-11 00:00:00,1792.72,1792.76,1784.48,1785.63,14598
2022-08-11 01:00:00,1785.83,1791.44,1783.59,1790.69,21888
2022-08-11 02:00:00,1790.23,1799.31,1785.04,1787.8,68749
2022-08-12 00:00:00,1789.29,1792.54,1786.29,1792.18,14021
2022-08-12 01:00:00,1791.11,1794.12,1785.91,1788.32,23374
2022-08-12 02:00:00,1787.62,1802.11,1784.88,1800.32,65053
2022-08-15 00:00:00,1801.03,1801.76,1793.83,1793.85,15191
2022-08-15 01:00:00,1795.4,1795.47,1774.85,1775.45,28800
2022-08-15 02:00:00,1779.59,1786.48,1772.98,1779.14,63329
2022-08-16 00:00:00,1779.4,1783.09,1776.83,1781.16,14851
2022-08-16 01:00:00,1781.29,1782.11,1773.85,1774.42,21664
2022-08-16 02:00:00,1775.73,1778.64,1771.47,1775.71,54685
2022-08-17 00:00:00,1775.86,1777.8,1773.83,1777.71,12474
2022-08-17 01:00:00,1775.81,1782.34,1770.97,1771.86,28725
2022-08-17 02:00:00,1773.54,1774.52,1759.8,1763.58,75767
2022-08-18 00:00:00,1762.24,1767.56,1761.82,1762.05,14524
2022-08-18 01:00:00,1762.34,1770.67,1760.9,1769.69,27275
2022-08-18 02:00:00,1768.93,1772.4,1755.35,1759.12,63716
2022-08-19 00:00:00,1758.95,1759.14,1751.79,1752.98,17607
2022-08-19 01:00:00,1754.19,1757.36,1749.78,1750.49,28530
2022-08-19 02:00:00,1753.51,1758.14,1745.54,1746.78,61789
2022-08-22 00:00:00,1745.61,1749.06,1744.65,1745.44,15010
2022-08-22 01:00:00,1746.55,1746.56,1731.68,1736.51,30888
2022-08-22 02:00:00,1737.49,1740.05,1727.77,1735.77,62570
2022-08-23 00:00:00,1735.68,1740.52,1734.21,1737.73,15333
2022-08-23 01:00:00,1738.51,1743.9,1734.47,1736.11,27996
2022-08-23 02:00:00,1739.49,1754.11,1730.82,1747.69,66273
2022-08-24 00:00:00,1747.5,1747.73,1744.1,1746.44,14553
2022-08-24 01:00:00,1745.46,1753.63,1744.23,1746.31,27445
2022-08-24 02:00:00,1749.22,1755.9,1742.46,1752.13,61589
2022-08-25 00:00:00,1751.33,1757.75,1749.98,1756.14,15078
2022-08-25 01:00:00,1756.43,1765.25,1755.46,1762.77,30588
2022-08-25 02:00:00,1763.44,1765.5,1752.22,1757.58,57923
2022-08-26 00:00:00,1758.2,1758.21,1752.31,1756.58,13152
2022-08-26 01:00:00,1757.45,1758.82,1747.07,1747.67,28786
2022-08-26 02:00:00,1749.89,1756.21,1734.2,1737.73,83231
2022-08-29 00:00:00,1734.51,1738.47,1723.34,1723.47,23264
2022-08-29 01:00:00,1724.51,1726.81,1720.31,1726.5,29121
2022-08-29 02:00:00,1723.2,1745.52,1722.06,1737.53,62504
2022-08-30 00:00:00,1737.86,1740.55,1733.91,1735.54,16664
2022-08-30 01:00:00,1734.91,1737.93,1729.08,1734.81,31321
2022-08-30 02:00:00,1734.4,1735.25,1721.18,1723.84,64477
2022-08-31 00:00:00,1723.01,1725.25,1720.62,1724.84,14399
2022-08-31 01:00:00,1724.0,1726.52,1710.17,1711.69,33120
2022-08-31 02:00:00,1711.03,1723.53,1709.57,1710.55,75719
2022-09-01 00:00:00,1711.11,1711.39,1702.32,1704.02,20663
2022-09-01 01:00:00,1704.66,1708.72,1700.56,1702.44,30954
2022-09-01 02:00:00,1705.9,1705.91,1688.8,1695.02,76415
2022-09-02 00:00:00,1697.22,1700.33,1694.99,1699.54,14780
2022-09-02 01:00:00,1699.49,1707.33,1698.56,1705.37,23840
2022-09-02 02:00:00,1707.02,1717.98,1704.15,1710.21,78493
2022-09-05 00:00:00,1711.46,1713.97,1707.71,1713.65,17171
2022-09-05 01:00:00,1712.02,1715.75,1708.25,1714.18,25234
2022-09-05 02:00:00,1714.17,1715.75,1709.48,1710.07,23375
2022-09-06 00:00:00,1710.66,1726.77,1710.37,1718.56,16693
2022-09-06 01:00:00,1717.75,1720.77,1710.68,1712.48,32226
2022-09-06 02:00:00,1711.39,1715.0,1699.85,1700.96,75240
2022-09-07 00:00:00,1701.89,1703.86,1691.27,1692.39,24376
2022-09-07 01:00:00,1693.39,1707.14,1691.27,1704.56,35764
2022-09-07 02:00:00,1706.93,1719.22,1697.09,1717.45,70881
2022-09-08 00:00:00,1718.34,1719.31,1713.58,1715.6,19842
2022-09-08 01:00:00,1714.43,1722.8,1713.91,1721.92,34271
2022-09-08 02:00:00,1720.62,1728.2,1703.96,1708.43,84009
2022-09-09 00:00:00,1708.49,1721.78,1708.31,1720.98,17676
2022-09-09 01:00:00,1719.28,1729.41,1718.19,1726.63,34828
2022-09-09 02:00:00,1727.33,1729.38,1711.37,1715.97,63480
2022-09-12 00:00:00,1718.12,1720.15,1711.95,1712.38,12899
2022-09-12 01:00:00,1713.55,1727.46,1711.95,1725.17,31576
2022-09-12 02:00:00,1725.21,1735.13,1723.42,1724.92,68026
2022-09-13 00:00:00,1724.78,1727.55,1720.32,1721.48,16555
2022-09-13 01:00:00,1721.17,1728.13,1720.07,1725.27,28517
2022-09-13 02:00:00,1726.86,1731.82,1697.11,1701.54,83475
2022-09-14 00:00:00,1700.93,1706.350540302341,1697.22,1700.86,20132
2022-09-14 01:00:00,1700.39,1706.13,1698.89,1704.92,38962
2022-09-14 02:00:00,1704.82,1707.11,1693.67,1697.22,71102
2022-09-15 00:00:00,1697.63,1698.21,1690.18,1691.51,14630
2022-09-15 01:00:00,1692.75,1693.29,1685.64,1689.27,29758
2022-09-15 02:00:00,1689.56,1692.29,1662.987812751091,1667.5003199543603,79609
2022-09-16 00:00:00,1667.4005399879088,1670.2147382745793,1661.29,1663.74,18376
2022-09-16 01:00:00,1664.32,1666.26,1654.16,1661.87,31181
2022-09-16 02:00:00,1659.67,1680.34,1657.16,1675.15,72612
2022-09-19 00:00:00,1674.25,1680.0,1666.82,1668.31,16203
2022-09-19 01:00:00,1669.21,1669.7,1659.63,1664.53,23946
2022-09-19 02:00:00,1663.87,1675.85,1660.77,1675.54,63470
2022-09-20 00:00:00,1675.58,1679.46,1673.42,1674.3,16004
2022-09-20 01:00:00,1677.11,1677.24,1666.12,1669.03,30197
2022-09-20 02:00:00,1667.82,1670.21,1660.0,1664.61,58958
2022-09-21 00:00:00,1664.89,1667.5,1662.21,1662.38,15298
2022-09-21 01:00:00,1663.77,1676.23,1661.66,1675.47,33750
2022-09-21 02:00:00,1673.36,1688.03,1653.93,1674.05,89229
2022-09-22 00:00:00,1671.45,1672.15,1656.75,1660.11,23386
2022-09-22 01:00:00,1660.51,1678.15,1655.67,1667.5,48219
2022-09-22 02:00:00,1666.64,1684.91,1664.79,1671.34,92044
2022-09-23 00:00:00,1671.25,1675.92,1668.23,1669.15,15079
2022-09-23 01:00:00,1669.15,1674.18,1652.77,1655.84,43860
2022-09-23 02:00:00,1657.18,1658.29,1639.75,1644.05,99123
2022-09-26 00:00:00,1643.17,1646.09,1626.81,1639.47,35057
2022-09-26 01:00:00,1638.51,1649.76,1634.68,1640.13,49021
2022-09-26 02:00:00,1641.92,1648.29,1621.75,1622.43,101710
2022-09-27 00:00:00,1623.49,1632.99,1623.44,1631.59,20869
2022-09-27 01:00:00,1631.18,1640.66,1630.92,1636.36,38969
2022-09-27 02:00:00,1632.99,1642.45,1626.68,1629.34,91493
2022-09-28 00:00:00,1629.72,1630.15,1628.82,1629.93,478
2022-09-28 01:00:00,1623.47,1631.63,1614.81,1627.62,47838
2022-09-28 02:00:00,1616.66,1659.601439080353,1615.91,1655.8205140301543,113583
2022-09-29 00:00:00,1654.5603959421346,1659.39,1648.4327715850523,1653.71,22447
2022-09-29 01:00:00,1654.47,1654.52,1641.53,1648.26,48064
2022-09-29 02:00:00,1647.86,1664.87,1644.62,1660.02,97768
2022-09-30 00:00:00,1660.41,1665.3,1659.24,1662.01,17278
2022-09-30 01:00:00,1662.23,1674.25,1661.24,1665.88,43059
2022-09-30 02:00:00,1667.49,1675.36,1660.14,1662.29,89112
2022-10-03 00:00:00,1664.3,1669.5,1662.27,1663.65,20089
2022-10-03 01:00:00,1663.98,1668.32,1659.72,1664.85,38779
2022-10-03 02:00:00,1661.6,1698.2356454970568,1659.72,1696.3406805839431,94083
2022-10-04 00:00:00,1695.2654592923627,1702.59,1691.696511328139,1698.96,21044
2022-10-04 01:00:00,1699.8,1712.58,1697.42,1710.56,43396
2022-10-04 02:00:00,1708.34,1729.49,1700.51,1725.7,86764
2022-10-05 00:00:00,1724.75,1726.08,1717.62,1717.83,18681
2022-10-05 01:00:00,1719.37,1727.8,1703.2,1707.98,38269
2022-10-05 02:00:00,1706.56,1718.62,1700.52,1716.35,82508
2022-10-06 00:00:00,1715.85,1724.29,1714.52,1722.54,17420
2022-10-06 01:00:00,1722.27,1725.57,1713.45,1714.63,36577
2022-10-06 02:00:00,1714.82,1719.58,1706.96,1713.94,79754
2022-10-07 00:00:00,1711.52,1713.45,1709.14,1710.93,17602
2022-10-07 01:00:00,1709.83,1714.83,1706.45,1706.68,32545
2022-10-07 02:00:00,1712.88,1713.32,1690.65,1695.01,83477
2022-10-10 00:00:00,1696.02,1699.81,1685.06,1685.71,21605
2022-10-10 01:00:00,1688.92,1689.62,1678.09,1679.14,34432
2022-10-10 02:00:00,1680.49,1681.55,1665.71,1667.86,71586
2022-10-11 00:00:00,1668.37,1673.65,1661.39,1662.98,21870
2022-10-11 01:00:00,1664.17,1669.89,1661.01,1663.25,39849
2022-10-11 02:00:00,1662.67,1683.97,1661.01,1666.26,85323
2022-10-12 00:00:00,1666.37,1672.2,1661.38,1668.72,20950
2022-10-12 01:00:00,1665.36,1675.31,1664.74,1669.44,42632
2022-10-12 02:00:00,1670.21,1678.38,1664.85,1673.14,78340
2022-10-13 00:00:00,1673.6,1675.46,1669.07,1669.69,12491
2022-10-13 01:00:00,1669.31,1677.99,1667.05,1675.27,26032
2022-10-13 02:00:00,1674.95,1682.46,1642.46,1666.12,111232
2022-10-14 00:00:00,1665.53,1670.22,1659.03,1666.58,21745
2022-10-14 01:00:00,1669.12,1671.77,1650.17,1657.3,42954
2022-10-14 02:00:00,1654.07,1663.97,1640.19,1643.15,97058
2022-10-17 00:00:00,1646.04,1652.66,1644.06,1649.39,19347
2022-10-17 01:00:00,1650.24,1660.68,1648.37,1655.74,37622
2022-10-17 02:00:00,1657.02,1668.46,1646.81,1650.46,74877
2022-10-18 00:00:00,1650.48,1658.4,1648.99,1657.72,18758
2022-10-18 01:00:00,1652.58,1660.93,1648.7,1652.39,42211
2022-10-18 02:00:00,1651.98,1657.39,1645.83,1651.81,74398
2022-10-19 00:00:00,1652.01,1654.5,1647.89,1648.3,15151
2022-10-19 01:00:00,1649.26,1649.53,1635.78,1635.94,37414
2022-10-19 02:00:00,1642.04,1642.12,1627.68,1629.01,79212
2022-10-20 00:00:00,1629.27,1631.53,1622.43,1629.54,19914
2022-10-20 01:00:00,1626.17,1636.02,1625.13,1633.41,38429
2022-10-20 02:00:00,1634.86,1645.64,1624.82,1628.0,85775
2022-10-21 00:00:00,1628.06,1628.32,1620.29,1621.93,18108
2022-10-21 01:00:00,1621.67,1627.27,1617.29,1626.05,36757
2022-10-21 02:00:00,1625.38,1654.2352591777512,1619.18,1651.6186329823595,129457
2022-10-24 00:00:00,1656.3136004759976,1670.53,1648.6148341918297,1656.07,36551
2022-10-24 01:00:00,1654.09,1658.71,1644.44,1648.94,45464
2022-10-24 02:00:00,1649.43,1654.48,1644.01,1649.36,89621
2022-10-25 00:00:00,1649.99,1654.93,1647.24,1651.71,25885
2022-10-25 01:00:00,1651.63,1652.3,1638.2,1639.91,35083
2022-10-25 02:00:00,1639.97,1662.43,1638.2,1652.89,83147
2022-10-26 00:00:00,1652.38,1657.63,1649.68,1656.99,16466
2022-10-26 01:00:00,1657.17,1674.93,1655.21,1667.6,43950
2022-10-26 02:00:00,1669.76,1672.66,1660.67,1663.88,88772
2022-10-27 00:00:00,1664.16,1670.83,1662.27,1663.49,23594
2022-10-27 01:00:00,1664.67,1669.72,1659.08,1661.48,39552
2022-10-27 02:00:00,1662.5,1665.79,1654.88,1661.9,98993
2022-10-28 00:00:00,1662.02,1667.04,1660.53,1664.25,24747
2022-10-28 01:00:00,1664.8,1665.48,1646.58,1649.03,44330
2022-10-28 02:00:00,1649.7,1653.07,1638.05,1643.96,85799
2022-10-31 00:00:00,1644.21,1645.65,1640.65,1643.88,19129
2022-10-31 01:00:00,1644.36,1645.65,1635.65,1641.13,30388
2022-10-31 02:00:00,1639.77,1642.16,1631.8,1633.68,70225
2022-11-01 00:00:00,1632.7,1640.07,1630.65,1638.58,21361
2022-11-01 01:00:00,1637.82,1654.87,1637.68,1654.49,42260
2022-11-01 02:00:00,1651.03,1657.04,1642.13,1647.8,84089
2022-11-02 00:00:00,1646.86,1653.39,1646.39,1651.19,19825
2022-11-02 01:00:00,1650.23,1656.92,1649.62,1654.81,31306
2022-11-02 02:00:00,1655.35,1669.33,1634.74,1635.06,92397
2022-11-03 00:00:00,1634.11,1643.5727975532106,1631.88,1638.17,21248
2022-11-03 01:00:00,1637.71,1638.5,1618.27,1618.71,44094
2022-11-03 02:00:00,1621.44,1632.36,1616.72,1629.46,86923
2022-11-04 00:00:00,1630.34,1648.58,1629.4,1646.49,20573
2022-11-04 01:00:00,1646.94,1653.54,1643.91,1652.21,43577
2022-11-04 02:00:00,1649.53,1678.744055295217,1643.66,1677.5820151514386,107475
2022-11-07 00:00:00,1672.5912965907246,1680.16,1667.6455357663099,1672.31,27979
2022-11-07 01:00:00,1672.53,1680.42,1666.9,1677.14,40867
2022-11-07 02:00:00,1678.29,1681.9,1673.5,1674.67,79117
2022-11-08 00:00:00,1674.26,1676.73,1668.76,1669.57,17388
2022-11-08 01:00:00,1670.17,1673.36,1664.71,1672.13,33458
2022-11-08 02:00:00,1670.53,1712.6147138595388,1669.93,1708.5414750089694,84629
2022-11-09 00:00:00,1707.4953780029819,1713.11,1703.207472354289,1708.6,21402
2022-11-09 01:00:00,1708.47,1715.83,1703.97,1708.47,37506
2022-11-09 02:00:00,1708.8,1722.37,1702.2,1705.17,82527
2022-11-10 00:00:00,1705.82,1711.32,1703.71,1711.18,18134
2022-11-10 01:00:00,1709.78,1712.61,1704.04,1707.48,34225
2022-11-10 02:00:00,1708.33,1752.7445804616868,1705.53,1751.5784884144007,103581
2022-11-11 00:00:00,1748.8183289841922,1757.76,1743.0908094382307,1757.47,22384
2022-11-11 01:00:00,1753.01,1766.64,1752.51,1757.41,53624
2022-11-11 02:00:00,1758.24,1768.44,1755.1,1767.4,75242
2022-11-14 00:00:00,1763.65,1766.34,1759.37,1760.0,28868
2022-11-14 01:00:00,1761.29,1766.22,1754.33,1755.65,38772
2022-11-14 02:00:00,1757.68,1775.09,1753.3,1771.24,78269
2022-11-15 00:00:00,1770.2,1773.61,1767.13,1773.26,22393
2022-11-15 01:00:00,1771.0,1784.36,1768.76,1776.36,48540
2022-11-15 02:00:00,1776.74,1786.57,1768.08,1778.42,142831
2022-11-16 00:00:00,1777.85,1781.43,1770.35,1774.65,33748
2022-11-16 01:00:00,1772.05,1785.06,1770.99,1782.52,49901
2022-11-16 02:00:00,1782.27,1784.35,1770.97,1774.34,98197
2022-11-17 00:00:00,1773.08,1774.88,1761.46,1763.21,22039
2022-11-17 01:00:00,1762.4,1771.02,1761.46,1762.77,44362
2022-11-17 02:00:00,1762.63,1767.7,1754.51,1760.85,87337
2022-11-18 00:00:00,1760.36,1765.8,1759.19,1761.59,20588
2022-11-18 01:00:00,1762.62,1767.72,1760.73,1762.74,38271
2022-11-18 02:00:00,1765.17,1765.72,1747.55,1749.85,74823
2022-11-21 00:00:00,1751.45,1752.95,1743.83,1746.29,23909
2022-11-21 01:00:00,1746.08,1747.18,1737.02,1740.08,41321
2022-11-21 02:00:00,1741.8,1747.01,1732.54,1739.24,82037
2022-11-22 00:00:00,1738.8,1745.71,1737.29,1743.71,19044
2022-11-22 01:00:00,1745.26,1748.46,1740.36,1748.27,40714
2022-11-22 02:00:00,1746.15,1749.74,1737.08,1740.39,72924
2022-11-23 00:00:00,1739.98,1742.88,1733.09,1736.14,18443
2022-11-23 01:00:00,1734.98,1745.77,1733.54,1738.45,34234
2022-11-23 02:00:00,1737.18,1753.39,1727.31,1749.67,91218
2022-11-24 00:00:00,1748.83,1756.8,1748.67,1754.59,22295
2022-11-24 01:00:00,1755.73,1758.61,1752.48,1756.1,36083
2022-11-24 02:00:00,1756.26,1758.61,1754.88,1754.96,32422
2022-11-25 00:00:00,1754.67,1761.24,1752.31,1758.03,21039
2022-11-25 01:00:00,1758.61,1759.07,1749.28,1753.62,34396
2022-11-25 02:00:00,1752.56,1756.32,1746.05,1756.1,51817
2022-11-28 00:00:00,1753.12,1754.06,1746.0,1750.15,21500
2022-11-28 01:00:00,1751.57,1763.76,1748.42,1761.43,37897
2022-11-28 02:00:00,1760.76,1762.15,1739.63,1741.31,72977
2022-11-29 00:00:00,1740.84,1754.89,1740.24,1754.28,26914
2022-11-29 01:00:00,1753.85,1759.05,1751.5,1754.36,44695
2022-11-29 02:00:00,1755.32,1758.06,1746.97,1749.42,83304
2022-11-30 00:00:00,1749.03,1755.76,1747.64,1754.97,20999
2022-11-30 01:00:00,1754.39,1763.19,1752.95,1760.85,39432
2022-11-30 02:00:00,1758.67,1769.99,1744.91,1769.09,116784
2022-12-01 00:00:00,1769.78,1780.12,1769.19,1779.49,38136
2022-12-01 01:00:00,1779.65,1783.79,1774.66,1780.2,46735
2022-12-01 02:00:00,1776.67,1804.12,1776.49,1802.69,107395
2022-12-02 00:00:00,1799.6394116530182,1804.52,1795.61,1797.03,23302
2022-12-02 01:00:00,1797.44,1803.1,1796.35,1799.38,43972
2022-12-02 02:00:00,1800.26,1801.05,1778.49,1797.44,100965
2022-12-05 00:00:00,1795.03,1810.01,1793.87,1808.78,27570
2022-12-05 01:00:00,1808.8,1809.41,1793.32,1794.93,34507
2022-12-05 02:00:00,1795.27,1798.46,1768.5600131875717,1771.087849121198,96700
2022-12-06 00:00:00,1770.8382418823458,1776.32,1767.79,1772.07,27053
2022-12-06 01:00:00,1772.53,1776.52,1767.27,1776.21,39569
2022-12-06 02:00:00,1773.86,1780.86,1767.36,1771.2,77759
2022-12-07 00:00:00,1770.75,1775.23,1768.74,1773.02,20707
2022-12-07 01:00:00,1770.93,1775.94,1769.65,1774.05,36490
2022-12-07 02:00:00,1772.62,1790.52,1770.8,1785.75,97334
2022-12-08 00:00:00,1785.63,1787.99,1781.45,1782.44,22250
2022-12-08 01:00:00,1783.43,1787.13,1781.65,1783.52,31519
2022-12-08 02:00:00,1783.76,1794.83,1782.25,1789.23,77206
2022-12-09 00:00:00,1789.75,1797.72,1788.44,1796.23,20106
2022-12-09 01:00:00,1796.57,1798.46,1788.91,1798.36,29958
2022-12-09 02:00:00,1794.6,1806.14,1790.05,1796.23,84566
2022-12-12 00:00:00,1796.13,1796.69,1785.5,1786.42,21437
2022-12-12 01:00:00,1787.33,1794.5,1785.5,1794.2,30924
2022-12-12 02:00:00,1792.36,1795.53,1777.63,1781.01,68265
2022-12-13 00:00:00,1781.02,1786.06,1780.86,1783.38,14301
2022-12-13 01:00:00,1782.57,1788.65,1782.46,1787.58,31479
2022-12-13 02:00:00,1787.31,1820.918857574759,1786.3,1810.09,122195
2022-12-14 00:00:00,1810.65,1812.67,1808.28,1809.76,20394
2022-12-14 01:00:00,1808.86,1813.19,1806.48,1808.65,38927
2022-12-14 02:00:00,1808.85,1814.22,1795.64,1807.21,112232
2022-12-15 00:00:00,1806.91,1808.6,1789.62,1791.22,27871
2022-12-15 01:00:00,1791.07,1796.46,1773.75,1779.4,47297
2022-12-15 02:00:00,1777.47,1786.14,1773.87,1776.69,102743
2022-12-16 00:00:00,1776.22,1784.16,1775.53,1778.89,22948
2022-12-16 01:00:00,1778.85,1784.96,1774.25,1784.26,41641
2022-12-16 02:00:00,1780.89,1794.27,1780.31,1793.43,84410
2022-12-19 00:00:00,1792.25,1796.99,1790.9,1791.62,26166
2022-12-19 01:00:00,1792.92,1798.73,1790.28,1796.19,31394
2022-12-19 02:00:00,1795.84,1796.56,1783.79,1787.27,71100
2022-12-20 00:00:00,1787.41,1796.19,1784.61,1789.93,43738
2022-12-20 01:00:00,1790.39,1808.08,1786.93,1807.52,56276
2022-12-20 02:00:00,1806.62,1821.12,1798.32,1818.81,92792
2022-12-21 00:00:00,1817.75,1819.86,1813.07,1813.66,25801
2022-12-21 01:00:00,1814.1,1817.43,1811.85,1812.38,35130
2022-12-21 02:00:00,1813.13,1823.84,1811.88,1814.71,74269
2022-12-22 00:00:00,1813.84,1820.43,1813.3,1820.24,21685
2022-12-22 01:00:00,1820.1,1820.43,1813.69,1814.82,30188
2022-12-22 02:00:00,1814.7,1819.95,1787.558143439035,1791.99,87035
2022-12-23 00:00:00,1792.8,1796.28,1791.26,1796.17,22204
2022-12-23 01:00:00,1794.78,1799.59,1794.51,1797.88,25012
2022-12-23 02:00:00,1798.67,1803.22,1791.18,1795.73,58157
2022-12-27 00:00:00,1800.6,1806.5,1799.89,1804.1,17837
2022-12-27 01:00:00,1805.09,1809.84,1803.77,1809.25,20928
2022-12-27 02:00:00,1808.73,1833.63,1802.31,1813.25,69433
2022-12-28 00:00:00,1813.13,1814.62,1809.43,1811.66,16683
2022-12-28 01:00:00,1811.83,1812.23,1799.32,1803.07,27249
2022-12-28 02:00:00,1802.71,1809.5,1797.04,1804.57,60712
2022-12-29 00:00:00,1804.47,1809.69,1804.3,1808.38,15222
2022-12-29 01:00:00,1808.99,1811.96,1804.38,1804.91,24131
2022-12-29 02:00:00,1805.29,1820.24,1804.61,1814.58,62851
2022-12-30 00:00:00,1814.17,1819.18,1813.61,1817.25,15163
2022-12-30 01:00:00,1815.9,1822.49,1813.39,1817.9,24786
2022-12-30 02:00:00,1816.3,1826.04,1814.3,1819.17,64118
2023-01-03 00:00:00,1827.53,1843.14,1823.52,1838.15,28428
2023-01-03 01:00:00,1840.43,1849.99,1831.7,1833.22,44812
2023-01-03 02:00:00,1834.5,1849.86,1827.58,1839.35,83805
2023-01-04 00:00:00,1838.4,1847.18,1836.18,1844.87,21101
2023-01-04 01:00:00,1846.55,1865.12,1844.7,1860.31,40754
2023-01-04 02:00:00,1858.86,1862.84,1847.12,1854.94,101113
2023-01-05 00:00:00,1854.57,1859.03,1850.21,1851.14,20613
2023-01-05 01:00:00,1852.11,1855.66,1843.83,1848.26,36323
2023-01-05 02:00:00,1849.04,1850.83,1825.11,1832.99,88855
2023-01-06 00:00:00,1831.71,1840.85,1831.31,1836.66,18265
2023-01-06 01:00:00,1838.08,1840.65,1833.28,1839.77,30307
2023-01-06 02:00:00,1836.6,1866.9964373346347,1834.65,1863.321931288789,89537
2023-01-09 00:00:00,1863.3485633627356,1879.54,1863.079933886519,1876.92,25604
2023-01-09 01:00:00,1876.93,1880.99,1871.27,1872.28,35156
2023-01-09 02:00:00,1871.61,1881.58,1869.07,1871.12,76768
2023-01-10 00:00:00,1870.37,1875.99,1867.72,1872.96,24616
2023-01-10 01:00:00,1871.31,1877.31,1870.64,1876.49,32532
2023-01-10 02:00:00,1875.18,1880.77,1870.47,1877.51,78213
2023-01-11 00:00:00,1877.08,1880.51,1872.11,1879.96,19240
2023-01-11 01:00:00,1877.87,1886.63,1877.46,1884.5,35961
2023-01-11 02:00:00,1884.84,1886.04,1867.15,1876.76,73390
2023-01-12 00:00:00,1876.92,1885.03,1875.84,1884.39,21470
2023-01-12 01:00:00,1884.46,1886.02,1879.93,1885.26,32592
2023-01-12 02:00:00,1884.37,1901.61,1875.3,1897.77,119031
2023-01-13 00:00:00,1895.68,1900.91,1894.31,1894.46,27682
2023-01-13 01:00:00,1896.02,1909.73,1892.32,1903.58,46025
2023-01-13 02:00:00,1906.03,1921.89,1893.7,1919.96,90085
2023-01-16 00:00:00,1921.91,1928.96,1916.79,1919.76,26631
2023-01-16 01:00:00,1922.37,1922.43,1910.85,1917.69,33792
2023-01-16 02:00:00,1915.64,1919.34,1911.41,1915.45,33142
2023-01-17 00:00:00,1916.35,1919.0,1908.11,1911.51,23550
2023-01-17 01:00:00,1911.4,1913.25,1904.21,1906.31,35864
2023-01-17 02:00:00,1906.26,1916.65,1903.82,1908.88,83244
2023-01-18 00:00:00,1908.17,1910.38,1897.35,1897.68,35217
2023-01-18 01:00:00,1899.54,1915.94,1896.59,1914.43,47308
2023-01-18 02:00:00,1914.36,1925.89,1901.64,1904.46,101938
2023-01-19 00:00:00,1903.17,1910.97,1900.98,1909.51,27655
2023-01-19 01:00:00,1909.81,1916.8,1906.39,1909.38,37744
2023-01-19 02:00:00,1909.65,1935.17,1906.67,1932.47,94117
2023-01-20 00:00:00,1932.09,1934.89,1923.19,1923.39,21747
2023-01-20 01:00:00,1923.82,1937.54,1923.19,1928.8,38161
2023-01-20 02:00:00,1930.05,1931.39,1920.69,1927.08,79236
2023-01-23 00:00:00,1924.21,1935.59,1924.12,1928.69,19471
2023-01-23 01:00:00,1929.57,1929.9,1918.9,1925.87,37491
2023-01-23 02:00:00,1926.41,1931.81,1911.4,1931.37,92159
2023-01-24 00:00:00,1930.96,1937.0,1930.82,1934.55,15464
2023-01-24 01:00:00,1932.7,1942.53,1932.59,1936.1,37351
2023-01-24 02:00:00,1938.45,1939.47,1917.17,1937.21,93078
2023-01-25 00:00:00,1937.34,1939.76,1926.91,1928.04,18930
2023-01-25 01:00:00,1928.53,1933.74,1922.74,1924.85,38149
2023-01-25 02:00:00,1925.6,1948.06,1919.88,1946.31,90620
2023-01-26 00:00:00,1946.42,1949.09,1942.56,1946.02,17566
2023-01-26 01:00:00,1946.63,1948.99,1933.88,1934.63,36047
2023-01-26 02:00:00,1936.75,1942.41,1918.62,1929.07,94244
2023-01-27 00:00:00,1928.89,1934.81,1919.84,1924.1,18048
2023-01-27 01:00:00,1921.62,1931.2,1921.39,1930.89,29125
2023-01-27 02:00:00,1928.52,1935.11,1916.59,1927.31,75509
2023-01-30 00:00:00,1926.75,1934.5,1924.38,1932.54,28423
2023-01-30 01:00:00,1933.41,1933.75,1920.69,1923.39,43530
2023-01-30 02:00:00,1930.64,1930.78,1920.76,1923.07,77682
2023-01-31 00:00:00,1922.46,1927.44,1918.9,1920.49,25507
2023-01-31 01:00:00,1920.11,1921.34,1902.28,1902.95,42796
2023-01-31 02:00:00,1904.83,1931.15,1900.82,1928.35,98437
2023-02-01 00:00:00,1927.46,1928.83,1924.55,1926.29,18484
2023-02-01 01:00:00,1925.75,1930.29,1923.24,1929.66,35830
2023-02-01 02:00:00,1926.45,1954.54,1920.54,1950.02,118840
2023-02-02 00:00:00,1950.2593102314572,1957.32,1947.74303384699,1954.08,29362
2023-02-02 01:00:00,1953.47,1959.68,1951.28,1955.16,39960
2023-02-02 02:00:00,1952.71,1956.63,1915.1677213538794,1916.0182593720656,121246
2023-02-03 00:00:00,1916.9896744818516,1922.4484133357746,1911.74,1914.52,25109
2023-02-03 01:00:00,1916.17,1918.24,1909.31,1911.85,38144
2023-02-03 02:00:00,1911.91,1917.1,1866.304781770831,1870.5355460749765,120611
2023-02-06 00:00:00,1869.1203173958547,1882.613027306686,1863.68,1876.07,32437
2023-02-06 01:00:00,1878.45,1881.38,1870.14,1870.65,38105
2023-02-06 02:00:00,1872.22,1875.81,1863.07,1867.61,84691
2023-02-07 00:00:00,1867.52,1875.57,1867.05,1874.41,20132
2023-02-07 01:00:00,1873.15,1878.02,1867.62,1868.63,35667
2023-02-07 02:00:00,1871.97,1884.4,1864.99,1871.3,104719
2023-02-08 00:00:00,1872.76,1878.43,1871.41,1875.6,19023
2023-02-08 01:00:00,1877.09,1886.36,1873.32,1880.62,34912
2023-02-08 02:00:00,1880.74,1883.67,1869.03,1875.58,70927
2023-02-09 00:00:00,1874.41,1880.36,1872.03,1879.43,15838
2023-02-09 01:00:00,1879.48,1886.19,1876.86,1881.75,30195
2023-02-09 02:00:00,1885.69,1890.31,1858.91,1861.37,83148
2023-02-10 00:00:00,1862.1,1865.46,1852.8,1853.48,21746
2023-02-10 01:00:00,1854.0,1872.23,1852.8,1861.98,46880
2023-02-10 02:00:00,1863.0,1868.67,1856.44,1863.97,73587
2023-02-13 00:00:00,1863.96,1865.18,1857.06,1859.38,20060
2023-02-13 01:00:00,1857.88,1866.58,1853.92,1861.56,30047
2023-02-13 02:00:00,1858.65,1863.08,1850.47,1853.61,61532
2023-02-14 00:00:00,1853.49,1859.2,1853.29,1858.1,15624
2023-02-14 01:00:00,1858.19,1864.95,1856.32,1856.48,26148
2023-02-14 02:00:00,1859.17,1870.66,1843.29,1854.75,106731
2023-02-15 00:00:00,1853.5,1860.11,1845.24,1846.23,20446
2023-02-15 01:00:00,1847.82,1847.83,1831.84,1834.33,36439
2023-02-15 02:00:00,1835.4,1838.94,1830.45,1836.72,75710
2023-02-16 00:00:00,1836.47,1842.61,1834.49,1838.0,21482
2023-02-16 01:00:00,1839.45,1844.81,1834.26,1836.55,30407
2023-02-16 02:00:00,1838.22,1845.3,1827.64,1836.85,86985
2023-02-17 00:00:00,1835.29,1835.99,1823.97,1827.13,21430
2023-02-17 01:00:00,1826.79,1828.21,1818.9,1824.75,32969
2023-02-17 02:00:00,1823.56,1843.6,1821.84,1842.0,78665
2023-02-20 00:00:00,1841.2,1844.86,1837.29,1841.41,18355
2023-02-20 01:00:00,1842.69,1847.48,1841.11,1844.43,25017
2023-02-20 02:00:00,1843.55,1847.06,1840.58,1841.26,27632
2023-02-21 00:00:00,1842.18,1843.75,1837.1,1837.43,19603
2023-02-21 01:00:00,1839.15,1839.77,1831.08,1835.29,34835
2023-02-21 02:00:00,1833.27,1843.84,1830.23,1834.4,76117
2023-02-22 00:00:00,1834.74,1838.45,1834.71,1835.59,19142
2023-02-22 01:00:00,1836.54,1841.22,1832.1,1839.38,30252
2023-02-22 02:00:00,1833.42,1846.03,1823.55,1825.42,88737
2023-02-23 00:00:00,1825.37,1830.49,1823.16,1828.27,18118
2023-02-23 01:00:00,1829.84,1833.78,1823.76,1824.93,27391
2023-02-23 02:00:00,1826.51,1830.16,1817.46,1822.36,79877
2023-02-24 00:00:00,1822.73,1827.82,1822.0,1824.69,24092
2023-02-24 01:00:00,1825.62,1826.33,1819.74,1821.08,29323
2023-02-24 02:00:00,1822.31,1823.08,1808.93,1811.07,84492
2023-02-27 00:00:00,1811.96,1814.26,1806.69,1808.12,21684
2023-02-27 01:00:00,1809.27,1813.73,1807.18,1811.33,30077
2023-02-27 02:00:00,1810.58,1820.18,1810.12,1817.03,64605
2023-02-28 00:00:00,1817.19,1819.45,1813.22,1813.26,14591
2023-02-28 01:00:00,1814.46,1816.98,1804.69,1810.36,30697
2023-02-28 02:00:00,1809.02,1831.18,1807.29,1827.08,73227
2023-03-01 00:00:00,1826.78,1832.57,1823.08,1832.49,18456
2023-03-01 01:00:00,1830.04,1838.04,1829.95,1837.91,33806
2023-03-01 02:00:00,1834.89,1844.55,1833.45,1837.19,75623
2023-03-02 00:00:00,1837.53,1838.46,1831.05,1832.67,18204
2023-03-02 01:00:00,1834.43,1835.4,1829.99,1835.02,30395
2023-03-02 02:00:00,1831.63,1839.01,1830.08,1835.43,69615
2023-03-03 00:00:00,1836.15,1841.51,1836.15,1838.48,17707
2023-03-03 01:00:00,1838.4,1849.17,1837.88,1847.16,27108
2023-03-03 02:00:00,1846.94,1856.32,1839.05,1854.97,72637
2023-03-06 00:00:00,1853.73,1856.47,1850.81,1854.57,17553
2023-03-06 01:00:00,1853.99,1858.27,1848.94,1849.68,28065
2023-03-06 02:00:00,1850.15,1854.01,1845.12,1846.89,64786
2023-03-07 00:00:00,1846.03,1850.48,1844.06,1848.46,15652
2023-03-07 01:00:00,1847.33,1851.66,1842.23,1842.78,25170
2023-03-07 02:00:00,1843.0,1843.96,1815.687807632583,1816.9072852887107,95330
2023-03-08 00:00:00,1816.9852469188104,1817.5537157701986,1809.41,1811.32,18184
2023-03-08 01:00:00,1811.55,1816.67,1810.42,1816.12,25791
2023-03-08 02:00:00,1814.17,1824.3,1812.21,1813.84,82055
2023-03-09 00:00:00,1814.42,1816.5,1811.94,1815.17,14836
2023-03-09 01:00:00,1814.34,1820.21,1812.79,1819.84,24359
2023-03-09 02:00:00,1818.04,1835.68,1815.43,1830.84,89906
2023-03-10 00:00:00,1830.88,1834.86,1827.75,1829.44,26396
2023-03-10 01:00:00,1829.8,1837.35,1828.55,1835.99,34517
2023-03-10 02:00:00,1832.85,1866.8377162719125,1831.8,1864.69102088565,134640
